0 0 0 -1 0 1
2 2 13
0.5 0.5 
0.01 0.01 0.01 0.01 0.01 0.01 0.01 0.01 0.01 0.01 0.01 0.01 0.01 
16 16 16 16 16 16 16 16 16 16 16 16 16 
0.02 0.02 0.02 0.02 0.02 0.02 0.02 0.02 0.02 0.02 0.02 0.02 0.02 
16 16 16 16 16 16 16 16 16 16 16 16 16 
0 1 
1 0 -1 -1 1 0
2 2 13
0.429918 0.570082 
2.80515 3.17941 -1.44371 -1.32049 -0.384606 -0.113464 -2.10932 -0.150597 -0.298838 1.89608 -2.07426 -3.37675 -1.2793 
0.894691 2.34469 4.54022 8.62857 6.62692 7.66171 17.4371 4.60593 7.44799 11.0177 14.1912 7.6617 2.63831 
-1.383 -2.60654 -8.37493 -2.45877 1.12383 5.13724 1.58488 0.655912 -0.884108 5.80295 2.98352 0.898779 -2.49833 
1.42743 0.64931 2.06579 2.15808 3.92028 3.20719 5.23096 5.11244 5.12834 17.6665 7.40722 14.8617 6.21954 
0.724733 0.275267 
2 0 -1 -1 2 0
2 2 13
3.83225e-15 1 
1.75006 5.33899 -1.44019 -5.10978 -2.75701 6.92795 5.69194 -4.55779 0.95875 -1.21643 -9.85272 -0.251211 -12.6365 
0.135078 0.269169 2.58781 1.07726 0.642444 0.991546 1.02325 1.27841 1.66271 2.84339 1.86722 2.837 1.24636 
4.01286 4.01416 -3.74095 -3.23107 -2.15431 -0.202778 -3.40059 -0.78983 1.60266 2.53928 -1.66824 -0.983343 -3.77137 
0.54584 0.587609 9.17139 6.93395 0.980874 2.71282 11.3578 3.28357 11.1034 5.69218 5.12428 8.09663 5.45999 
0.542881 0.457119 
3 0 -1 -1 3 0
2 2 13
0.533235 0.466765 
4.54082 3.61068 -5.38419 -8.42756 -1.61193 2.60535 1.16688 -2.35991 2.82584 1.46262 1.43608 -3.60135 -3.49023 
0.250107 0.668639 1.39715 1.2711 1.33669 1.25024 10.8211 5.28368 4.27741 2.79645 12.6202 5.76892 3.98071 
2.07421 2.86797 1.48384 -3.43027 -2.25431 -1.07095 0.542895 -3.53037 3.07361 5.24663 -4.59169 -0.136246 -2.15823 
1.6991 0.372317 2.45006 7.85839 2.41879 0.935447 18.8129 5.06493 8.92388 5.41631 5.4745 4.24393 12.1671 
0.631329 0.368671 
4 0 -1 0 4 1
2 1 13
0.5 0.5 
0.01 0.01 0.01 0.01 0.01 0.01 0.01 0.01 0.01 0.01 0.01 0.01 0.01 
16 16 16 16 16 16 16 16 16 16 16 16 16 
0.02 0.02 0.02 0.02 0.02 0.02 0.02 0.02 0.02 0.02 0.02 0.02 0.02 
16 16 16 16 16 16 16 16 16 16 16 16 16 
0 
5 1 1 -1 5 1
2 2 13
0.5 0.5 
0.01 0.01 0.01 0.01 0.01 0.01 0.01 0.01 0.01 0.01 0.01 0.01 0.01 
16 16 16 16 16 16 16 16 16 16 16 16 16 
0.02 0.02 0.02 0.02 0.02 0.02 0.02 0.02 0.02 0.02 0.02 0.02 0.02 
16 16 16 16 16 16 16 16 16 16 16 16 16 
0 1 
6 1 -1 -1 6 0
2 2 13
0.175408 0.824592 
5.66477 -0.546552 -9.16662 -1.67892 -3.07314 -2.29009 -0.621149 4.84265 4.30941 -1.32063 -3.81303 0.261785 -2.0336 
0.287675 0.876467 2.66541 0.687421 1.09061 5.43669 1.40159 1.14738 1.40756 1.21847 2.57851 1.09617 1.07099 
3.45482 0.97676 -2.10146 0.347701 -3.81568 -2.37868 1.60643 2.82566 3.02448 -1.43852 -0.606039 -0.296688 -1.96908 
1.47401 0.38268 4.34558 6.14491 4.11506 10.8839 10.672 4.12788 5.88187 10.0142 7.53519 5.45984 8.90838 
0.82532 0.17468 
7 1 -1 -1 7 0
2 2 13
0.453726 0.546274 
5.25291 1.64928 -6.11753 -5.54122 -2.28927 -0.975489 0.667639 -0.205828 2.53921 1.42393 -4.68935 -2.72003 -2.58154 
0.314377 0.589426 3.9999 0.962212 2.70972 2.59661 2.21387 1.7852 2.26539 6.1611 2.22486 3.87781 1.69296 
4.02149 1.51974 -3.7183 -1.68506 -2.63483 -3.03134 -0.115136 4.62606 4.20558 -2.43385 -1.3299 2.27852 -3.51141 
0.515436 0.274494 2.40464 4.51934 1.86996 3.32221 6.3453 7.22247 5.75733 6.39505 4.15767 7.1207 8.04607 
0.876434 0.123566 
8 1 -1 -1 8 0
2 2 13
0.474873 0.525127 
2.19961 3.1482 -1.94934 -2.16087 -0.984256 -0.576203 -1.96025 1.49704 3.15693 0.532384 -1.53303 -1.98187 2.9628 
0.736487 0.830182 2.50742 10.8437 4.17255 2.53335 2.92103 8.42861 5.77419 16.0464 6.7681 11.2332 20.4877 
3.89592 1.0554 -0.393911 2.68993 -1.68366 -3.76484 -3.6214 1.42949 1.65943 -3.44486 -2.1698 0.117239 2.02124 
0.901011 0.106463 0.365701 0.788238 10.9977 5.57037 35.0451 3.25873 19.2484 7.10957 13.7282 3.17764 5.23273 
0.707342 0.292658 
9 1 -1 1 9 1
2 1 13
0.5 0.5 
0.01 0.01 0.01 0.01 0.01 0.01 0.01 0.01 0.01 0.01 0.01 0.01 0.01 
16 16 16 16 16 16 16 16 16 16 16 16 16 
0.02 0.02 0.02 0.02 0.02 0.02 0.02 0.02 0.02 0.02 0.02 0.02 0.02 
16 16 16 16 16 16 16 16 16 16 16 16 16 
0 
10 2 2 -1 10 1
2 2 13
0.5 0.5 
0.01 0.01 0.01 0.01 0.01 0.01 0.01 0.01 0.01 0.01 0.01 0.01 0.01 
16 16 16 16 16 16 16 16 16 16 16 16 16 
0.02 0.02 0.02 0.02 0.02 0.02 0.02 0.02 0.02 0.02 0.02 0.02 0.02 
16 16 16 16 16 16 16 16 16 16 16 16 16 
0 1 
11 2 -1 -1 11 0
2 2 13
0.755456 0.244544 
2.94919 3.61747 -4.63333 -1.06813 -2.99854 2.09466 -3.011 -0.640592 5.55313 -2.2709 -4.891 -1.99353 -0.529871 
0.481603 0.902094 2.08905 11.9222 0.985058 5.57639 4.7019 4.3092 4.32508 7.97768 10.7863 7.37806 10.35 
2.17102 2.13566 1.56577 -2.05497 0.810217 -0.549466 -0.203708 -4.25313 1.0558 4.45301 -4.37124 -3.57205 0.549682 
1.46783 1.02235 6.05471 6.25937 0.651434 2.91905 2.16278 18.192 3.41921 15.9682 0.871286 7.11018 9.3887 
0.646782 0.353218 
12 2 -1 -1 12 0
2 2 13
0.518282 0.481718 
4.62345 1.79998 -1.6262 -2.44196 -2.14909 -2.25812 -4.68317 -4.36281 1.92846 5.88174 -4.46236 -3.47147 1.64584 
0.332092 1.05333 1.16216 1.51791 1.78356 3.10611 2.61912 2.6732 2.24825 6.59203 3.58826 8.8965 5.54781 
3.64493 2.3947 -3.54371 -2.05226 -2.03995 -1.85965 0.387985 -0.134193 4.5378 0.259132 -3.65594 -1.60783 -1.58779 
0.339802 0.262716 5.4023 4.82812 2.07291 14.5004 3.178 7.15207 5.92788 12.7531 5.23747 6.32002 5.11514 
0.837196 0.162804 
13 2 -1 -1 13 0
2 2 13
0.468477 0.531523 
4.26968 3.02735 -1.59278 -7.56698 -5.59104 3.45429 0.403049 -6.57536 1.20538 6.92774 -3.38511 -0.556336 -1.85802 
0.799657 0.87525 2.9097 0.960491 1.43777 1.7971 1.04695 6.03872 3.09147 8.51687 3.46805 14.3166 5.74151 
2.42153 2.43887 -2.20084 -0.453124 -1.44457 -1.47067 -1.69536 -2.20717 4.57039 -1.1665 -3.24391 1.60296 0.842157 
0.45683 0.288988 1.57883 5.39854 1.24293 2.89124 4.95687 16.3836 5.22345 11.9768 7.91813 8.78308 8.18672 
0.653567 0.346433 
14 2 -1 2 14 1
2 1 13
0.5 0.5 
0.01 0.01 0.01 0.01 0.01 0.01 0.01 0.01 0.01 0.01 0.01 0.01 0.01 
16 16 16 16 16 16 16 16 16 16 16 16 16 
0.02 0.02 0.02 0.02 0.02 0.02 0.02 0.02 0.02 0.02 0.02 0.02 0.02 
16 16 16 16 16 16 16 16 16 16 16 16 16 
0 
15 3 3 -1 15 1
2 2 13
0.5 0.5 
0.01 0.01 0.01 0.01 0.01 0.01 0.01 0.01 0.01 0.01 0.01 0.01 0.01 
16 16 16 16 16 16 16 16 16 16 16 16 16 
0.02 0.02 0.02 0.02 0.02 0.02 0.02 0.02 0.02 0.02 0.02 0.02 0.02 
16 16 16 16 16 16 16 16 16 16 16 16 16 
0 1 
16 3 -1 -1 16 0
2 2 13
0.2609 0.7391 
2.56205 4.89977 -3.67056 -2.55194 -2.71557 2.63352 -4.13092 -1.75326 -0.712273 2.95682 1.41763 -5.57668 -2.49791 
0.530569 0.563647 1.25284 6.35778 4.6461 4.86135 2.34937 4.43106 3.60081 6.34616 7.79734 8.23621 8.93275 
1.65216 5.39749 2.05834 -3.30425 -8.58542 3.36479 0.028138 1.48892 -0.82197 -2.81702 0.637848 -1.78688 -0.672055 
0.959426 1.59539 4.86697 3.11146 8.54967 4.68058 2.33161 6.12452 21.6303 9.21096 4.2331 9.38207 11.8974 
0.863873 0.136127 
17 3 -1 -1 17 0
2 2 13
0.313931 0.686069 
3.92289 3.84691 -2.71886 -8.24075 -4.88902 1.66288 2.40782 0.181888 -3.55236 3.5691 0.91958 -0.979488 -6.0955 
0.155 0.735722 3.89937 0.37317 4.46012 2.54392 4.34573 1.86816 6.18639 3.5646 4.4917 8.06062 2.10796 
3.57156 4.63701 -5.07318 -6.09811 -2.72211 1.6023 -2.47202 1.54253 -2.21955 0.1109 4.55419 0.303569 -8.21872 
0.9419 1.06721 5.41945 4.08158 8.47899 3.21138 8.23947 5.35609 7.44675 5.13106 6.80612 5.52604 10.3129 
0.886749 0.113251 
18 3 -1 -1 18 0
2 2 13
0.794413 0.205587 
2.9633 6.58769 -2.58335 -7.19617 -1.97344 3.02643 -6.432 -0.603789 -1.85607 -1.92576 2.80206 1.52201 -4.07818 
0.597834 1.40414 6.39087 1.63639 5.17618 2.30749 5.72104 8.9374 11.2553 4.91093 3.20694 7.10932 4.7849 
2.26813 2.10144 0.683254 -4.24378 -1.65935 -2.42518 1.42873 -1.98158 4.8437 5.50476 -5.94444 -4.57205 -0.781294 
0.263271 0.68855 0.28244 0.751109 1.28066 1.05467 10.0486 2.20585 5.88769 4.78212 3.85945 1.9653 2.93267 
0.704846 0.295154 
19 3 -1 3 19 1
2 1 13
0.5 0.5 
0.01 0.01 0.01 0.01 0.01 0.01 0.01 0.01 0.01 0.01 0.01 0.01 0.01 
16 16 16 16 16 16 16 16 16 16 16 16 16 
0.02 0.02 0.02 0.02 0.02 0.02 0.02 0.02 0.02 0.02 0.02 0.02 0.02 
16 16 16 16 16 16 16 16 16 16 16 16 16 
0 
20 4 4 -1 20 1
2 2 13
0.5 0.5 
0.01 0.01 0.01 0.01 0.01 0.01 0.01 0.01 0.01 0.01 0.01 0.01 0.01 
16 16 16 16 16 16 16 16 16 16 16 16 16 
0.02 0.02 0.02 0.02 0.02 0.02 0.02 0.02 0.02 0.02 0.02 0.02 0.02 
16 16 16 16 16 16 16 16 16 16 16 16 16 
0 1 
21 4 -1 -1 21 0
2 2 13
0.769265 0.230735 
3.33171 3.04209 -2.15529 -3.86408 0.705778 2.39426 1.48805 -4.15731 4.12562 -8.14148 -9.15107 -3.40457 -5.93796 
0.193335 0.25751 2.77227 3.42334 3.1574 14.3853 5.86376 11.1245 1.64825 7.12202 4.06507 5.90227 4.25289 
3.07538 3.33481 -2.6124 0.207039 -2.8969 -2.42219 -0.997363 2.68436 2.75835 -6.07096 -5.4591 -0.775156 -3.85867 
0.154633 0.68911 3.17403 8.57576 1.68772 14.1877 9.85017 6.53965 1.96403 21.8907 3.8173 4.74036 3.92947 
0.935571 0.0644288 
22 4 -1 -1 22 0
2 2 13
0.464252 0.535748 
4.88509 2.46983 -7.28818 -6.84501 -2.23997 2.64787 1.64011 -2.32268 1.97692 4.30028 -3.20099 -3.90863 -2.66443 
0.595099 1.13366 5.10341 1.40146 2.93366 4.80816 1.21021 3.78061 5.97386 8.55992 2.92131 1.6696 4.36765 
3.02663 4.40125 -2.42455 -6.75078 -5.75938 3.65971 2.27235 -3.47542 -0.452513 3.38243 -0.902466 -0.195805 -3.63439 
0.573107 1.30127 10.4834 1.68821 5.43489 3.65313 9.14223 7.5948 15.4322 13.4703 10.5584 3.86975 11.3119 
0.904331 0.0956687 
23 4 -1 -1 23 0
2 2 13
0.381549 0.618451 
0.599498 4.45577 1.67299 -4.10048 -4.68108 1.67069 4.00836 -2.56964 3.89134 -2.0525 -2.31877 -0.761891 -5.11991 
1.52231 0.577953 5.52926 4.93582 2.20912 4.87911 10.8501 6.30881 9.71879 10.3635 6.12073 6.18481 10.4276 
-4.12384 1.46714 0.13368 -2.69922 -0.623261 5.7777 5.18145 1.3147 1.67083 -2.23517 0.623355 -0.0436655 -1.31909 
2.27045 2.06111 4.35253 3.83441 3.72289 4.23943 5.86898 4.45528 14.0188 8.44518 11.7911 6.50822 7.42062 
0.934222 0.0657784 
24 4 -1 4 24 1
2 1 13
0.5 0.5 
0.01 0.01 0.01 0.01 0.01 0.01 0.01 0.01 0.01 0.01 0.01 0.01 0.01 
16 16 16 16 16 16 16 16 16 16 16 16 16 
0.02 0.02 0.02 0.02 0.02 0.02 0.02 0.02 0.02 0.02 0.02 0.02 0.02 
16 16 16 16 16 16 16 16 16 16 16 16 16 
0 
25 5 5 -1 25 1
2 2 13
0.5 0.5 
0.01 0.01 0.01 0.01 0.01 0.01 0.01 0.01 0.01 0.01 0.01 0.01 0.01 
16 16 16 16 16 16 16 16 16 16 16 16 16 
0.02 0.02 0.02 0.02 0.02 0.02 0.02 0.02 0.02 0.02 0.02 0.02 0.02 
16 16 16 16 16 16 16 16 16 16 16 16 16 
0 1 
26 5 -1 -1 26 0
2 2 13
0.501204 0.498796 
1.96214 2.36327 2.5001 -0.425209 0.607519 -2.96368 -3.5528 -3.61091 0.149369 2.95844 -6.03308 0.709736 1.76757 
0.88836 0.863321 4.02113 2.47938 3.3388 5.7169 2.82316 9.65952 4.29973 10.6167 12.0569 11.6679 5.13907 
0.650486 1.16283 1.30944 2.90425 0.375985 -1.59826 -1.19324 -1.03192 0.814879 -1.66796 -2.6947 -0.0430523 2.40876 
2.42741 5.26996 6.80263 8.37021 10.2431 10.0831 8.75395 12.9664 10.4043 12.7793 10.5007 9.91237 11.1975 
0.498546 0.501454 
27 5 -1 -1 27 0
2 2 13
0.622353 0.377647 
3.22495 2.63041 -0.713145 -1.0795 -1.946 -3.64388 -1.65432 0.0554758 2.6959 1.90875 -4.19683 -0.0575422 0.238603 
1.2114 1.10224 2.84208 4.71923 3.20077 6.00153 4.17689 8.8792 5.34133 12.2165 9.9893 15.5843 5.75254 
1.19161 1.24441 3.53592 3.59315 -0.292819 -4.21313 -0.382533 -1.05263 -1.57398 -2.10356 -1.38998 -1.65698 0.664823 
2.17619 4.09349 3.86206 7.6087 7.6987 11.7442 7.56647 11.104 7.75665 24.2792 11.3481 23.2728 8.48685 
0.70767 0.29233 
28 5 -1 -1 28 0
2 2 13
0.548783 0.451217 
1.92325 3.04419 -0.896817 0.771043 -2.59508 -0.797658 -1.31663 -1.38641 2.513 -0.723022 -2.21705 -1.2085 2.76062 
0.893884 0.826272 3.13352 8.5234 4.59104 5.70452 11.6742 18.8244 7.14408 12.0937 10.006 7.23001 11.2624 
-0.495381 0.051373 4.41554 1.93628 3.16182 -1.39435 -0.404803 0.291593 0.789064 -0.78418 -3.05957 0.48719 1.92218 
2.65901 6.4685 13.0949 4.40118 4.91855 8.14983 9.05663 13.9045 9.65031 19.1012 21.9796 33.924 11.726 
0.393457 0.606543 
29 5 -1 5 29 1
2 1 13
0.5 0.5 
0.01 0.01 0.01 0.01 0.01 0.01 0.01 0.01 0.01 0.01 0.01 0.01 0.01 
16 16 16 16 16 16 16 16 16 16 16 16 16 
0.02 0.02 0.02 0.02 0.02 0.02 0.02 0.02 0.02 0.02 0.02 0.02 0.02 
16 16 16 16 16 16 16 16 16 16 16 16 16 
0 
30 6 6 -1 30 1
2 2 13
0.5 0.5 
0.01 0.01 0.01 0.01 0.01 0.01 0.01 0.01 0.01 0.01 0.01 0.01 0.01 
16 16 16 16 16 16 16 16 16 16 16 16 16 
0.02 0.02 0.02 0.02 0.02 0.02 0.02 0.02 0.02 0.02 0.02 0.02 0.02 
16 16 16 16 16 16 16 16 16 16 16 16 16 
0 1 
31 6 -1 -1 31 0
2 2 13
0.488992 0.511008 
4.35114 2.50675 -5.38437 -7.05889 -3.02332 4.44274 -0.295068 -2.82974 4.08422 3.58843 -4.83903 -0.141938 -5.47865 
0.80876 1.02089 1.94008 1.85654 2.62086 5.82825 8.93312 3.74049 4.44457 8.25275 7.52153 5.72095 6.00799 
3.22391 2.69169 -4.04772 -2.6872 -1.8275 -1.00319 -0.453605 -0.248235 4.53647 2.0222 -2.83616 -5.51949 -1.12722 
1.15566 0.765832 6.10804 2.96903 6.75893 6.46725 5.12341 5.79083 5.85946 6.56933 17.8506 12.3397 9.81465 
0.831216 0.168784 
32 6 -1 -1 32 0
2 2 13
0.39345 0.60655 
5.33899 2.45523 -7.03629 -6.19658 -1.68539 0.0608176 -2.21805 -0.707665 4.05556 2.26468 -3.18217 -4.63555 -2.59757 
0.231066 0.603586 3.65642 3.31079 1.66623 3.97805 7.62245 7.99254 4.42971 4.39221 3.91354 3.22786 10.1804 
4.57506 2.08221 -6.07673 -3.77404 -1.66606 -1.94267 -1.35558 3.84715 3.98504 -0.818783 -4.16474 -0.26821 -3.46392 
0.567154 0.524482 3.54114 3.27116 2.28886 4.41352 3.34756 6.22269 3.36843 5.04013 4.91509 5.29899 4.22223 
0.898783 0.101217 
33 6 -1 -1 33 0
2 2 13
0.511115 0.488885 
4.74044 1.6901 -4.25492 -0.548353 -4.09187 -4.40099 -3.58846 2.66713 2.09982 -0.031899 -0.143197 0.181646 -1.87369 
0.407778 0.723445 3.10988 5.44073 2.12856 3.91831 5.88116 3.97568 3.86061 4.16557 3.56805 4.64767 10.3369 
2.67687 1.51334 -0.368791 1.76255 -3.1453 -5.76855 -0.234291 2.35954 0.833744 -0.995667 -1.34527 -0.88677 -1.53853 
0.847541 0.601716 5.7876 7.03073 5.62566 10.7599 2.79936 4.80919 10.3061 17.5421 8.84671 7.6859 9.20386 
0.871636 0.128364 
34 6 -1 6 34 1
2 1 13
0.5 0.5 
0.01 0.01 0.01 0.01 0.01 0.01 0.01 0.01 0.01 0.01 0.01 0.01 0.01 
16 16 16 16 16 16 16 16 16 16 16 16 16 
0.02 0.02 0.02 0.02 0.02 0.02 0.02 0.02 0.02 0.02 0.02 0.02 0.02 
16 16 16 16 16 16 16 16 16 16 16 16 16 
0 
35 7 7 -1 35 1
2 2 13
0.5 0.5 
0.01 0.01 0.01 0.01 0.01 0.01 0.01 0.01 0.01 0.01 0.01 0.01 0.01 
16 16 16 16 16 16 16 16 16 16 16 16 16 
0.02 0.02 0.02 0.02 0.02 0.02 0.02 0.02 0.02 0.02 0.02 0.02 0.02 
16 16 16 16 16 16 16 16 16 16 16 16 16 
0 1 
36 7 -1 -1 36 0
2 2 13
0.719221 0.280779 
0.231715 5.11092 1.25839 -2.30448 -2.52038 3.76175 -1.67859 -4.11011 -4.40461 2.15749 1.12836 -0.274071 -1.76505 
1.55742 0.514917 1.53425 1.65908 12.0493 2.83372 8.54842 5.26239 5.4615 8.92465 3.11809 10.6353 6.93076 
-1.24967 2.62473 1.87738 0.129445 3.0081 2.11493 -1.13961 -1.73848 -1.5552 -0.89993 5.32314 -3.06027 -1.04689 
4.28874 6.79344 4.5548 3.21375 1.8558 3.91333 6.71664 5.10234 17.3404 3.19676 26.0147 19.8785 22.9619 
0.585614 0.414386 
37 7 -1 -1 37 0
2 2 13
0.597579 0.402421 
-3.03792 3.3904 4.77737 2.74845 2.94639 2.59676 2.28288 -3.071 -6.52466 1.71887 3.91415 -5.82813 1.96836 
2.4785 1.41016 3.47522 3.7646 6.2731 2.7764 7.83481 4.53577 7.51596 16.0213 12.1829 39.632 5.90848 
-5.44056 1.01146 7.15299 4.39911 4.33076 4.45755 2.91804 0.438515 -2.96856 0.624621 0.666571 -1.50491 0.385842 
1.18372 1.61199 3.05888 1.03537 2.89507 3.29444 2.2668 3.09833 7.94815 6.67473 10.6894 12.4055 9.36292 
0.831784 0.168216 
38 7 -1 -1 38 0
2 2 13
0.798253 0.201747 
-0.360137 0.492421 1.36512 0.617487 1.35604 0.128394 -0.659393 -2.83921 -0.558872 1.90878 1.99526 -0.945264 -0.838269 
3.38147 6.39951 18.5031 5.21754 6.01394 4.35578 10.7944 5.83278 4.5662 9.46205 4.53673 14.9223 2.99428 
-6.43129 -2.13308 2.4084 1.24143 2.60806 5.12131 3.8947 0.491524 -2.58088 1.38446 3.60735 -0.186476 1.00725 
4.12633 0.775637 1.65728 3.08518 6.00376 5.67432 4.01199 4.44468 5.06269 9.26597 2.4632 1.57391 9.16113 
0.50618 0.49382 
39 7 -1 7 39 1
2 1 13
0.5 0.5 
0.01 0.01 0.01 0.01 0.01 0.01 0.01 0.01 0.01 0.01 0.01 0.01 0.01 
16 16 16 16 16 16 16 16 16 16 16 16 16 
0.02 0.02 0.02 0.02 0.02 0.02 0.02 0.02 0.02 0.02 0.02 0.02 0.02 
16 16 16 16 16 16 16 16 16 16 16 16 16 
0 
40 8 8 -1 40 1
2 2 13
0.5 0.5 
0.01 0.01 0.01 0.01 0.01 0.01 0.01 0.01 0.01 0.01 0.01 0.01 0.01 
16 16 16 16 16 16 16 16 16 16 16 16 16 
0.02 0.02 0.02 0.02 0.02 0.02 0.02 0.02 0.02 0.02 0.02 0.02 0.02 
16 16 16 16 16 16 16 16 16 16 16 16 16 
0 1 
41 8 -1 -1 41 0
2 2 13
0.239692 0.760308 
-2.78998 -6.62125 1.22076 1.94193 -2.37467 6.22422 0.405385 -0.11215 2.04682 -1.71044 3.75923 0.81087 -0.376357 
3.71643 5.58325 8.5602 3.17754 0.581978 2.47595 3.04324 5.59046 0.878715 5.77854 3.54079 7.15417 3.49199 
-6.31088 -2.44955 2.63486 2.62612 4.44271 1.71732 2.74741 1.84091 0.660918 1.2987 0.0827103 -0.297212 1.97217 
3.08892 3.18633 7.38979 8.41009 3.48739 15.4079 3.10608 6.26639 12.1441 6.48988 5.60805 15.6666 21.2998 
0.922919 0.0770815 
42 8 -1 -1 42 0
2 2 13
0.502583 0.497417 
1.55767 -8.88775 0.859343 1.41078 -4.61322 0.765372 1.92185 -1.88847 1.13426 -0.752655 1.12862 1.20012 2.39909 
1.31284 1.87008 2.53807 1.51531 3.16281 2.91257 2.48168 9.39525 3.56806 6.79939 7.28779 7.05312 8.91814 
-0.37156 -9.84155 2.4181 1.20256 -3.1809 3.32633 0.989499 -1.55325 1.82291 -1.39319 3.0508 2.00322 1.67096 
0.47766 0.391952 1.37519 0.968151 1.00138 1.39807 1.61493 1.82776 3.66106 5.69384 5.17703 5.66556 7.94548 
0.930315 0.0696852 
43 8 -1 -1 43 0
2 2 13
0.360307 0.639693 
0.8023 -4.0557 -0.868321 4.75426 -2.16444 -3.33452 0.845149 -0.533154 1.05724 3.36607 0.0766113 0.158225 -0.0200813 
0.444571 6.05964 2.23254 2.10874 6.67802 1.46365 3.23895 4.77055 3.3744 3.79532 8.76325 10.6912 34.3836 
-4.04511 -3.78135 -0.675781 2.95292 -2.99 3.28674 0.893495 -3.15934 5.51611 -0.322177 -3.8504 1.15789 5.1249 
3.69102 5.68873 1.5202 0.577765 3.25896 3.72711 2.25074 8.20632 8.78905 6.33184 10.1965 10.3406 5.6567 
0.864823 0.135177 
44 8 -1 8 44 1
2 1 13
0.5 0.5 
0.01 0.01 0.01 0.01 0.01 0.01 0.01 0.01 0.01 0.01 0.01 0.01 0.01 
16 16 16 16 16 16 16 16 16 16 16 16 16 
0.02 0.02 0.02 0.02 0.02 0.02 0.02 0.02 0.02 0.02 0.02 0.02 0.02 
16 16 16 16 16 16 16 16 16 16 16 16 16 
0 
45 9 9 -1 45 1
2 2 13
0.5 0.5 
0.01 0.01 0.01 0.01 0.01 0.01 0.01 0.01 0.01 0.01 0.01 0.01 0.01 
16 16 16 16 16 16 16 16 16 16 16 16 16 
0.02 0.02 0.02 0.02 0.02 0.02 0.02 0.02 0.02 0.02 0.02 0.02 0.02 
16 16 16 16 16 16 16 16 16 16 16 16 16 
0 1 
46 9 -1 -1 46 0
2 2 13
0.647442 0.352558 
1.94933 0.9193 2.4103 4.55775 -1.8012 0.29301 -3.93601 -0.657338 0.251258 -2.15307 -3.7239 3.42336 2.11156 
0.649962 1.00927 3.12065 2.4778 3.11293 5.51043 3.76068 6.04696 2.9856 5.25448 6.72266 8.05508 5.22823 
-0.746995 2.04357 1.17005 5.56158 2.69003 -1.00934 0.118981 -2.2732 0.373355 -1.11023 -1.90798 -1.80377 2.40943 
1.29445 5.55527 7.62011 6.68055 8.94298 12.248 14.0218 14.0987 11.0828 20.1592 9.3547 4.74743 12.1226 
0.675726 0.324274 
47 9 -1 -1 47 0
2 2 13
0.342243 0.657757 
-0.00572236 0.785003 1.75742 5.08079 0.847189 1.08372 0.362691 -1.21548 -0.0644481 -2.60092 -1.00593 0.780326 1.17991 
2.47627 6.93915 9.09135 6.83051 10.5768 9.30551 17.0754 3.77356 5.90511 8.1793 15.2302 9.31214 5.52046 
-2.66199 4.45479 5.90469 2.60086 2.80808 -1.13909 0.115597 -0.65934 -3.5488 1.68419 -1.04301 -3.49485 4.6577 
0.552843 0.753117 2.13808 1.9578 1.98422 3.14528 3.73557 4.45533 6.18186 22.0945 9.75519 12.2103 4.55865 
0.689765 0.310235 
48 9 -1 -1 48 0
2 2 13
0.527256 0.472744 
0.48904 -0.523199 5.90328 2.58937 -0.419319 4.17997 0.0453588 -5.70325 -0.978876 -0.906408 -1.46823 4.81934 -1.35788 
1.93292 3.87756 22.6764 5.46045 6.92581 10.9069 8.62789 21.7169 6.93712 8.4575 4.89833 12.1848 7.07376 
-5.30615 1.57061 7.43746 4.49204 4.25575 1.70681 1.55278 0.645578 -1.47138 -1.00867 0.581949 -2.04352 -0.16791 
1.67417 2.89972 2.4267 3.3903 2.39453 6.25997 5.1656 5.3057 6.65054 20.1081 12.1002 6.53915 12.5079 
0.674583 0.325417 
49 9 -1 9 49 1
2 1 13
0.5 0.5 
0.01 0.01 0.01 0.01 0.01 0.01 0.01 0.01 0.01 0.01 0.01 0.01 0.01 
16 16 16 16 16 16 16 16 16 16 16 16 16 
0.02 0.02 0.02 0.02 0.02 0.02 0.02 0.02 0.02 0.02 0.02 0.02 0.02 
16 16 16 16 16 16 16 16 16 16 16 16 16 
0 
50 10 10 -1 50 1
2 2 13
0.5 0.5 
0.01 0.01 0.01 0.01 0.01 0.01 0.01 0.01 0.01 0.01 0.01 0.01 0.01 
16 16 16 16 16 16 16 16 16 16 16 16 16 
0.02 0.02 0.02 0.02 0.02 0.02 0.02 0.02 0.02 0.02 0.02 0.02 0.02 
16 16 16 16 16 16 16 16 16 16 16 16 16 
0 1 
51 10 -1 -1 51 0
2 2 13
0.401321 0.598679 
-3.25109 0.23309 4.37235 2.42705 5.79094 0.459631 1.03672 -0.874179 0.160507 0.152892 -1.17126 -2.12155 2.52266 
5.08999 4.8996 7.90154 2.20065 1.78437 9.40125 6.84324 6.4959 6.08117 9.34344 6.21213 27.5706 6.91712 
-6.14363 -4.42068 0.371602 -1.0608 3.02047 2.15275 2.71539 1.6283 1.22803 2.11272 3.72168 3.19646 1.90352 
2.4175 1.01981 3.88097 2.191 1.98341 5.3101 2.23865 5.55288 7.01931 9.81537 5.83089 14.8513 4.60005 
0.809223 0.190777 
52 10 -1 -1 52 0
2 2 13
0.17044 0.82956 
0.173163 1.18264 4.03259 2.55805 2.91011 -3.36278 -1.93391 -3.76381 1.285 -1.97944 -3.0382 1.91985 1.97474 
1.79063 1.20424 2.70709 5.3729 1.00485 3.347 3.39453 5.95297 4.65791 9.4267 3.65 8.95843 7.5456 
-2.51529 -3.22984 0.248616 -0.00919946 1.58569 -1.26898 1.22107 -0.36176 1.80302 1.68075 0.519855 2.35 1.47083 
2.81364 1.93585 6.60464 6.22777 4.91785 4.35215 4.87645 5.97279 3.4654 13.528 6.47015 9.63381 7.12751 
0.704937 0.295063 
53 10 -1 -1 53 0
2 2 13
0.436008 0.563992 
1.73675 2.65064 2.18513 -0.54358 1.10656 -2.5902 -2.99365 -4.71448 0.815709 1.86792 -2.72121 -0.785627 4.12058 
0.646258 0.249125 1.43697 2.11249 1.66012 5.0444 1.64463 4.62357 5.77605 4.39105 14.2273 9.01156 13.0122 
-0.850183 1.59588 2.9943 2.21362 4.19666 -1.80863 -1.37079 -4.97569 0.0669451 1.07699 -3.34316 -0.80545 4.8349 
1.80371 2.02117 3.10181 2.56248 2.33226 6.33471 2.6992 5.60049 3.74509 7.96211 5.90617 10.3624 6.72082 
0.808988 0.191012 
54 10 -1 10 54 1
2 1 13
0.5 0.5 
0.01 0.01 0.01 0.01 0.01 0.01 0.01 0.01 0.01 0.01 0.01 0.01 0.01 
16 16 16 16 16 16 16 16 16 16 16 16 16 
0.02 0.02 0.02 0.02 0.02 0.02 0.02 0.02 0.02 0.02 0.02 0.02 0.02 
16 16 16 16 16 16 16 16 16 16 16 16 16 
0 
55 11 11 -1 55 1
2 2 13
0.5 0.5 
0.01 0.01 0.01 0.01 0.01 0.01 0.01 0.01 0.01 0.01 0.01 0.01 0.01 
16 16 16 16 16 16 16 16 16 16 16 16 16 
0.02 0.02 0.02 0.02 0.02 0.02 0.02 0.02 0.02 0.02 0.02 0.02 0.02 
16 16 16 16 16 16 16 16 16 16 16 16 16 
0 1 
56 11 -1 -1 56 0
2 2 13
0.654136 0.345864 
4.2593 1.14464 -2.6129 1.17594 -4.52697 -6.94706 -1.0466 4.085 -0.253954 -1.92817 2.04051 -1.50286 -3.65917 
0.553523 0.558105 2.09705 1.9517 2.91452 2.91903 9.19563 4.90036 4.16573 4.06791 5.58984 2.21179 2.2572 
3.48115 1.4451 -0.378345 1.27619 -1.82438 -4.07258 -3.8488 -1.52019 0.536499 0.742953 -2.20376 0.309709 1.52542 
1.55224 0.999112 5.13476 3.854 4.14581 3.11787 9.24161 8.56465 4.4736 7.75658 19.9404 15.3101 3.45165 
0.810399 0.189601 
57 11 -1 -1 57 0
2 2 13
0.664584 0.335416 
4.11007 0.981933 -4.01895 -2.30346 -2.66694 -3.99428 -0.547417 1.13494 3.9442 1.3544 -5.08845 -0.684088 -1.00248 
0.57228 0.625393 3.7011 1.19198 2.03264 2.12207 6.63278 4.72976 1.96189 7.33079 3.65061 3.0071 1.58953 
3.89819 2.22996 -2.27009 -0.43476 -3.4852 -4.28665 -1.48684 1.58739 1.35347 -2.37561 -1.73988 -0.739527 -2.50624 
0.404394 0.517396 2.98499 2.1361 2.81746 2.04006 15.3929 2.99772 7.85491 12.166 6.93544 11.2212 4.0332 
0.795403 0.204597 
58 11 -1 -1 58 0
2 2 13
0.539281 0.460719 
4.34003 2.23805 -4.87403 -5.00736 -3.08364 -0.727593 -0.19853 -0.363288 5.16075 2.17604 -6.8801 -0.777762 -0.299623 
0.199938 0.298922 4.37944 2.01771 1.34785 3.88422 2.10284 2.94573 3.95579 8.42903 5.34618 4.16502 4.53394 
3.20644 2.59451 -2.50054 1.79558 -2.44051 -3.72215 -1.73027 -0.344281 2.78561 -4.30623 -1.26164 -2.73986 -0.672992 
0.91961 1.91645 3.00367 6.62221 4.37847 10.6251 11.1705 6.00464 11.5816 28.2 21.0927 6.99152 5.20857 
0.763877 0.236123 
59 11 -1 11 59 1
2 1 13
0.5 0.5 
0.01 0.01 0.01 0.01 0.01 0.01 0.01 0.01 0.01 0.01 0.01 0.01 0.01 
16 16 16 16 16 16 16 16 16 16 16 16 16 
0.02 0.02 0.02 0.02 0.02 0.02 0.02 0.02 0.02 0.02 0.02 0.02 0.02 
16 16 16 16 16 16 16 16 16 16 16 16 16 
0 
60 12 12 -1 60 1
2 2 13
0.5 0.5 
0.01 0.01 0.01 0.01 0.01 0.01 0.01 0.01 0.01 0.01 0.01 0.01 0.01 
16 16 16 16 16 16 16 16 16 16 16 16 16 
0.02 0.02 0.02 0.02 0.02 0.02 0.02 0.02 0.02 0.02 0.02 0.02 0.02 
16 16 16 16 16 16 16 16 16 16 16 16 16 
0 1 
61 12 -1 -1 61 0
2 2 13
0.559758 0.440242 
1.85877 6.81193 -3.65952 -7.24608 -1.16519 2.75736 -5.81459 2.22686 0.318632 -1.82408 4.68734 0.0781521 -4.31291 
0.511042 0.296441 3.20854 0.522653 1.26099 2.16347 5.56177 2.2585 5.90534 3.70622 3.65998 5.54128 9.45243 
2.56233 3.18993 -1.96651 2.41435 0.890501 -2.89589 -6.44548 2.98698 -0.442302 -3.95537 -0.0131438 0.55937 -3.07305 
0.914115 0.449159 4.63962 7.22735 7.3469 7.03116 9.20509 9.1665 10.5995 13.088 6.85058 8.99141 7.32941 
0.754501 0.245499 
62 12 -1 -1 62 0
2 2 13
0.490345 0.509655 
3.56386 5.15348 -6.12687 -5.2581 0.608701 0.985579 -10.2494 3.60649 1.03518 0.535988 0.0583739 2.5982 -4.07956 
0.703939 0.756644 2.7445 10.4032 1.03728 5.33629 2.96066 7.31481 6.63517 3.23662 6.45263 3.41508 5.33156 
3.96331 4.16519 -7.33063 -2.14508 0.106889 1.34904 -4.73306 5.07703 5.43188 -3.11552 1.3554 0.731285 -6.04337 
0.487901 0.337401 4.61506 5.89483 1.43136 5.76461 5.60986 6.67614 8.6571 8.44281 3.09679 10.4289 5.07749 
0.893053 0.106947 
63 12 -1 -1 63 0
2 2 13
0.520848 0.479152 
2.60428 4.32667 -4.37021 1.15553 -0.357761 -2.70266 -7.96425 3.34449 2.19264 -4.53333 1.40874 1.59644 -2.93687 
0.421462 0.675862 1.6091 9.90449 3.73374 1.87874 7.78322 13.5423 6.68574 4.54187 6.11408 2.92378 9.21118 
2.3383 4.04885 -3.80823 -0.0710107 -0.363904 -0.453772 -2.9932 0.7988 -0.178217 -0.571022 1.06945 1.7555 -3.14765 
2.83446 3.17562 11.0426 32.1977 8.27377 7.96779 17.3204 14.8267 7.18044 8.87096 16.8621 6.76799 12.1258 
0.735108 0.264892 
64 12 -1 12 64 1
2 1 13
0.5 0.5 
0.01 0.01 0.01 0.01 0.01 0.01 0.01 0.01 0.01 0.01 0.01 0.01 0.01 
16 16 16 16 16 16 16 16 16 16 16 16 16 
0.02 0.02 0.02 0.02 0.02 0.02 0.02 0.02 0.02 0.02 0.02 0.02 0.02 
16 16 16 16 16 16 16 16 16 16 16 16 16 
0 
65 13 13 -1 65 1
2 2 13
0.5 0.5 
0.01 0.01 0.01 0.01 0.01 0.01 0.01 0.01 0.01 0.01 0.01 0.01 0.01 
16 16 16 16 16 16 16 16 16 16 16 16 16 
0.02 0.02 0.02 0.02 0.02 0.02 0.02 0.02 0.02 0.02 0.02 0.02 0.02 
16 16 16 16 16 16 16 16 16 16 16 16 16 
0 1 
66 13 -1 -1 66 0
2 2 13
0.430735 0.569265 
3.80122 1.47401 -1.78754 1.84776 -3.1252 -4.8886 -1.67024 2.65506 0.255546 0.128105 -0.651307 0.709458 -3.2764 
0.920797 0.634514 3.67863 2.30207 2.40408 7.19347 7.66564 4.94427 8.80727 8.27479 8.16458 6.003 6.56171 
4.12765 0.677274 -1.53807 3.3971 -7.22953 -3.70417 2.09141 1.3181 -0.0770009 2.42843 2.22932 -0.709622 -0.293702 
0.362047 0.693278 2.05646 0.800206 0.758456 2.0744 4.18442 7.47368 2.5663 4.00443 2.19739 4.01463 3.70699 
0.886853 0.113147 
67 13 -1 -1 67 0
2 2 13
0.447527 0.552473 
3.70758 1.5126 0.673866 3.98512 -5.67556 -4.18986 -0.847684 -1.70364 -4.48104 1.13616 1.29231 -4.16831 -0.807918 
0.553792 0.330341 1.89285 2.72447 1.62326 2.22696 7.40655 4.48303 3.8217 5.28178 6.1377 6.66197 8.23538 
2.74152 1.38189 2.34803 3.08141 -8.7358 -0.0671169 3.19206 -0.544541 -3.59263 0.468139 2.56508 -2.80752 -0.7409 
0.276877 0.487954 2.67087 1.55372 1.40821 8.71815 6.78521 6.33955 3.20495 5.71949 5.2911 5.18622 5.53687 
0.903549 0.0964513 
68 13 -1 -1 68 0
2 2 13
0.318658 0.681342 
1.89969 2.54229 0.904498 2.36695 -4.6377 -1.71031 -0.739883 1.20232 -2.94945 -3.92902 3.2115 -2.11975 0.115828 
0.420265 0.796654 3.32911 7.93974 4.05808 5.16817 6.50862 8.23573 7.85977 7.78023 8.57108 7.49627 13.0341 
2.24352 0.703049 3.50696 5.91219 -2.53407 -6.121 0.907541 1.52759 -4.62071 -0.579435 -1.0495 -1.43847 0.244268 
0.734981 0.752153 2.56856 1.62144 8.56856 3.31469 4.45297 3.96546 4.68704 8.21385 11.3034 4.60307 9.85528 
0.789962 0.210038 
69 13 -1 13 69 1
2 1 13
0.5 0.5 
0.01 0.01 0.01 0.01 0.01 0.01 0.01 0.01 0.01 0.01 0.01 0.01 0.01 
16 16 16 16 16 16 16 16 16 16 16 16 16 
0.02 0.02 0.02 0.02 0.02 0.02 0.02 0.02 0.02 0.02 0.02 0.02 0.02 
16 16 16 16 16 16 16 16 16 16 16 16 16 
0 
70 14 14 -1 70 1
2 2 13
0.5 0.5 
0.01 0.01 0.01 0.01 0.01 0.01 0.01 0.01 0.01 0.01 0.01 0.01 0.01 
16 16 16 16 16 16 16 16 16 16 16 16 16 
0.02 0.02 0.02 0.02 0.02 0.02 0.02 0.02 0.02 0.02 0.02 0.02 0.02 
16 16 16 16 16 16 16 16 16 16 16 16 16 
0 1 
71 14 -1 -1 71 0
2 2 13
0.696033 0.303967 
-1.66244 -2.53999 -0.246011 1.71311 4.02694 3.27521 2.51811 1.36984 1.27234 1.23899 0.291221 -0.94484 -0.0538132 
2.88869 3.0397 4.28785 2.37479 1.70091 6.02152 4.91339 7.55889 5.92911 7.86456 10.5184 12.6711 10.2088 
-2.96422 -4.85496 -3.03481 -0.905089 1.42414 0.709109 1.30011 0.984081 3.1729 0.150956 0.702901 3.28875 2.49051 
1.83315 0.701185 4.75779 1.68911 1.72874 4.11507 1.76065 4.93548 4.93776 15.4315 10.1445 5.43963 4.97787 
0.774424 0.225576 
72 14 -1 -1 72 0
2 2 13
0.539482 0.460518 
-0.474022 -5.41336 -3.89813 -2.06403 1.25223 0.959082 0.219599 -2.31507 1.03311 0.770085 1.05988 1.46845 -0.478809 
0.821207 1.44956 2.61787 1.63927 2.13221 6.27536 4.58759 5.64646 3.40028 9.00806 7.95242 11.3756 5.64028 
-1.37055 -6.76973 -3.35922 -0.107901 1.13408 -0.690622 0.679947 0.468401 2.42355 -0.833173 0.593191 3.11056 2.31854 
0.685808 0.689832 3.56555 3.4055 4.99764 6.65051 3.36156 6.62592 4.21703 10.2867 10.9232 10.5004 6.81207 
0.929601 0.0703992 
73 14 -1 -1 73 0
2 2 13
0.528445 0.471555 
-1.21246 -2.35587 -1.24037 1.50317 2.67006 -0.771724 -0.518238 1.7913 2.61731 0.361061 -0.0557876 0.218179 -0.182384 
0.916183 8.52742 1.67138 5.28047 3.91382 12.2856 3.75079 6.23321 4.49919 7.09941 4.36262 4.11088 11.4047 
-2.3546 -2.22304 -2.1972 -0.233301 3.41722 4.952 5.02827 0.451073 -1.21648 -0.937094 1.86119 -0.367942 2.82131 
0.862359 4.57853 7.09824 4.88367 4.30102 3.56662 2.70157 1.56596 2.65189 11.2316 12.6015 9.87965 18.4144 
0.611368 0.388632 
74 14 -1 14 74 1
2 1 13
0.5 0.5 
0.01 0.01 0.01 0.01 0.01 0.01 0.01 0.01 0.01 0.01 0.01 0.01 0.01 
16 16 16 16 16 16 16 16 16 16 16 16 16 
0.02 0.02 0.02 0.02 0.02 0.02 0.02 0.02 0.02 0.02 0.02 0.02 0.02 
16 16 16 16 16 16 16 16 16 16 16 16 16 
0 
75 15 15 -1 75 1
2 2 13
0.5 0.5 
0.01 0.01 0.01 0.01 0.01 0.01 0.01 0.01 0.01 0.01 0.01 0.01 0.01 
16 16 16 16 16 16 16 16 16 16 16 16 16 
0.02 0.02 0.02 0.02 0.02 0.02 0.02 0.02 0.02 0.02 0.02 0.02 0.02 
16 16 16 16 16 16 16 16 16 16 16 16 16 
0 1 
76 15 -1 -1 76 0
2 2 13
0.423904 0.576096 
1.40367 2.40415 2.26325 4.35434 -0.841567 -4.97353 -3.32248 3.11133 -7.78434 1.02365 0.358783 -2.46302 -1.75472 
2.20224 0.208409 3.06047 12.2334 3.22497 4.50653 7.52633 8.76902 3.38291 9.90043 3.02125 9.38995 6.372 
-1.29317 2.10025 1.57232 2.89818 4.75442 -1.06814 -6.21588 4.03491 -2.8204 -3.95862 -0.605247 0.837681 1.38331 
6.01688 7.27657 4.97383 4.17762 7.64939 11.2895 19.8419 15.3461 6.83249 23.8142 7.22663 12.6889 2.25502 
0.719578 0.280422 
77 15 -1 -1 77 0
2 2 13
0.465663 0.534337 
-2.661 -1.26999 2.61659 3.04305 3.99269 2.25986 0.627368 1.35806 -0.848377 -1.60432 1.23848 2.19119 -1.3573 
5.9804 8.71324 16.4899 14.9683 13.3969 11.6548 7.51148 5.68181 10.8198 7.11923 8.60245 12.0558 5.4071 
-4.1028 3.69745 6.77921 5.16644 2.83912 -2.60618 1.19784 -0.202683 -4.46524 -0.608569 2.68859 -3.7682 -0.0482317 
0.665686 1.32239 1.47956 1.90284 2.12913 4.32678 2.41894 6.82508 4.69655 8.24155 2.98326 13.2206 6.56745 
0.74559 0.25441 
78 15 -1 -1 78 0
2 2 13
0.776264 0.223736 
0.724165 -0.0426902 -3.55886 -1.01042 2.34523 2.4254 -3.67831 -0.414728 -0.412624 2.26716 -0.488235 0.574109 -1.23503 
1.93793 2.28044 20.2655 12.5033 6.73553 19.2003 7.00361 10.1997 9.63736 23.0005 8.65002 9.80663 6.58275 
-8.30874 -3.58162 -0.525637 0.666155 2.77741 2.56106 2.89167 3.38089 2.60679 1.31884 4.29193 0.680794 2.01489 
0.692625 0.630762 2.02486 4.51382 0.905212 0.830637 1.61219 5.73002 2.01432 3.884 7.03629 7.14619 3.00761 
0.719505 0.280495 
79 15 -1 15 79 1
2 1 13
0.5 0.5 
0.01 0.01 0.01 0.01 0.01 0.01 0.01 0.01 0.01 0.01 0.01 0.01 0.01 
16 16 16 16 16 16 16 16 16 16 16 16 16 
0.02 0.02 0.02 0.02 0.02 0.02 0.02 0.02 0.02 0.02 0.02 0.02 0.02 
16 16 16 16 16 16 16 16 16 16 16 16 16 
0 
80 16 16 -1 80 1
2 2 13
0.5 0.5 
0.01 0.01 0.01 0.01 0.01 0.01 0.01 0.01 0.01 0.01 0.01 0.01 0.01 
16 16 16 16 16 16 16 16 16 16 16 16 16 
0.02 0.02 0.02 0.02 0.02 0.02 0.02 0.02 0.02 0.02 0.02 0.02 0.02 
16 16 16 16 16 16 16 16 16 16 16 16 16 
0 1 
81 16 -1 -1 81 0
2 2 13
0.43258 0.56742 
0.0338226 -1.05856 -0.766881 2.77196 0.971314 0.85227 1.69457 2.54381 0.9636 -2.44787 -1.47112 -0.0785256 0.965028 
12.0038 0.904103 16.758 8.31583 5.54607 5.82489 4.48534 12.4517 4.97188 23.5638 12.4815 6.83911 4.2881 
-3.84245 -4.15459 0.676642 4.98815 -1.99021 -1.52043 3.24379 0.925411 -2.23274 5.45001 -3.72109 1.54103 1.17286 
1.35018 0.561691 3.53373 4.35459 5.27576 4.01848 5.05936 6.71227 4.62924 8.97872 9.7586 10.08 7.48572 
0.707726 0.292274 
82 16 -1 -1 82 0
2 2 13
0.674923 0.325077 
0.259453 -1.96272 -6.815 0.123262 1.92402 1.24033 2.88636 2.40325 5.40176 -1.84192 -2.13995 -1.60547 -0.793276 
5.76509 1.7112 3.5058 4.82804 2.38712 3.59291 4.65039 9.69525 3.79718 11.2497 13.3851 11.6498 7.42924 
-0.463005 -1.13729 5.0378 6.82132 -3.01667 1.02007 8.31622 -1.09197 -0.699434 -1.76007 -0.471407 -2.9354 -0.0224922 
0.899174 0.672376 9.17611 2.47091 11.5916 5.30913 17.6254 24.3271 4.12511 22.1565 9.7345 23.3443 5.91282 
0.752177 0.247823 
83 16 -1 -1 83 0
2 2 13
0.495759 0.504241 
0.655584 -0.834674 -0.815435 4.90205 1.14345 0.678776 6.67673 5.1663 3.83331 -4.17817 1.83011 -3.41784 -2.40895 
1.69746 0.140773 2.93325 3.09483 2.6957 3.86988 3.63772 6.03168 4.5877 11.0679 6.24108 9.82752 6.34539 
0.397111 0.429333 1.14076 3.62216 2.08121 -0.252285 1.09405 1.64063 1.7929 -0.126844 -0.497264 -1.48767 1.09551 
2.57581 0.460785 18.1953 10.2966 8.41575 9.62232 6.11808 11.2272 11.1146 8.18182 5.49487 13.4426 10.2704 
0.707623 0.292377 
84 16 -1 16 84 1
2 1 13
0.5 0.5 
0.01 0.01 0.01 0.01 0.01 0.01 0.01 0.01 0.01 0.01 0.01 0.01 0.01 
16 16 16 16 16 16 16 16 16 16 16 16 16 
0.02 0.02 0.02 0.02 0.02 0.02 0.02 0.02 0.02 0.02 0.02 0.02 0.02 
16 16 16 16 16 16 16 16 16 16 16 16 16 
0 
85 17 17 -1 85 1
2 2 13
0.5 0.5 
0.01 0.01 0.01 0.01 0.01 0.01 0.01 0.01 0.01 0.01 0.01 0.01 0.01 
16 16 16 16 16 16 16 16 16 16 16 16 16 
0.02 0.02 0.02 0.02 0.02 0.02 0.02 0.02 0.02 0.02 0.02 0.02 0.02 
16 16 16 16 16 16 16 16 16 16 16 16 16 
0 1 
86 17 -1 -1 86 0
2 2 13
0.709184 0.290816 
2.01834 1.99438 1.17425 2.61065 -0.890986 -3.53621 -2.10714 0.471238 -0.867291 0.194231 -2.51734 -0.643891 0.51421 
1.63947 1.88515 5.82141 9.18762 8.67552 4.16643 6.99081 6.94454 12.512 17.6215 8.92345 5.18131 6.4022 
-2.35101 -4.26571 1.05304 5.71543 -0.0168694 -2.9748 1.73451 3.93499 -0.517959 1.35513 0.953704 2.46331 0.48463 
4.4042 2.4127 3.95704 2.69954 5.36151 8.8668 2.78454 4.69907 7.04727 11.1028 6.05437 16.2334 4.7415 
0.446065 0.553935 
87 17 -1 -1 87 0
2 2 13
0.577782 0.422218 
4.16951 1.14002 -1.58174 2.33077 -5.02244 -3.66156 -1.77181 1.52669 1.99278 -0.558389 0.348769 2.52152 -1.76753 
0.965528 0.602207 7.24486 2.61972 1.60219 2.9361 3.9723 11.7423 4.17602 8.85198 10.7482 4.66554 3.22798 
1.8667 1.82031 2.3752 3.82654 -1.63499 -4.87376 -0.399639 -2.06825 -3.70596 -1.75896 0.524718 -2.50169 0.238971 
0.411419 0.922692 4.47054 6.31445 6.25507 7.17316 6.19371 12.5908 8.49917 7.35768 11.8073 11.5885 5.1665 
0.781447 0.218553 
88 17 -1 -1 88 0
2 2 13
0.500377 0.499623 
3.75203 2.05259 -2.53868 -0.0529891 -2.05515 -3.69501 -3.93405 -1.53038 2.72345 -0.49915 -1.93733 0.103549 0.204099 
0.330556 0.7343 3.54562 4.90055 1.68835 9.53876 3.41266 5.14291 8.04405 21.0615 8.42411 5.36309 6.90335 
1.47801 1.63933 1.83911 2.16589 -0.0913525 -4.37108 -2.73393 0.0270022 0.814579 -0.665957 -2.99756 1.71795 2.31336 
0.984726 1.30496 4.69369 4.29046 10.1645 7.04861 8.31722 7.33124 7.51604 12.5117 16.1969 6.58939 10.8954 
0.761746 0.238254 
89 17 -1 17 89 1
2 1 13
0.5 0.5 
0.01 0.01 0.01 0.01 0.01 0.01 0.01 0.01 0.01 0.01 0.01 0.01 0.01 
16 16 16 16 16 16 16 16 16 16 16 16 16 
0.02 0.02 0.02 0.02 0.02 0.02 0.02 0.02 0.02 0.02 0.02 0.02 0.02 
16 16 16 16 16 16 16 16 16 16 16 16 16 
0 
90 18 18 -1 90 1
2 2 13
0.5 0.5 
0.01 0.01 0.01 0.01 0.01 0.01 0.01 0.01 0.01 0.01 0.01 0.01 0.01 
16 16 16 16 16 16 16 16 16 16 16 16 16 
0.02 0.02 0.02 0.02 0.02 0.02 0.02 0.02 0.02 0.02 0.02 0.02 0.02 
16 16 16 16 16 16 16 16 16 16 16 16 16 
0 1 
91 18 -1 -1 91 0
2 2 13
0.842575 0.157425 
2.85257 1.68889 1.00377 4.48738 -2.1384 -5.3306 -3.99808 1.19892 -2.49584 -2.67779 -1.94106 1.19936 -1.74957 
0.736521 1.0398 3.3467 4.23752 9.34496 7.45132 7.80966 10.827 14.2058 8.83371 20.2836 17.4461 7.37128 
0.976104 -0.277562 6.13164 6.21716 -0.818002 -0.0917099 0.983046 -2.47741 -4.85175 -0.640771 -0.00017682 0.0748076 0.0907201 
0.982995 3.5282 4.49276 8.90844 16.4961 11.7768 11.5816 9.13218 4.09507 11.365 14.6583 5.00945 7.4611 
0.722602 0.277398 
92 18 -1 -1 92 0
2 2 13
0.529834 0.470166 
2.47786 0.693214 3.77775 8.60415 -3.50621 -2.87724 -0.872835 -2.58538 -6.26926 -0.731806 -1.99685 -2.49174 0.140469 
0.700513 0.540701 2.26706 5.40959 3.645 7.43686 5.75786 9.76119 3.60373 5.95292 9.69211 5.7971 12.4211 
2.00383 1.26008 4.07476 5.25834 -6.96642 -0.739684 3.26856 -3.20468 -1.99791 -0.810125 1.89214 -2.22485 1.63198 
1.24639 0.502408 3.38328 1.94611 4.96349 11.4721 4.49006 12.4045 6.38718 9.49318 5.64298 8.5175 4.66468 
0.889632 0.110368 
93 18 -1 -1 93 0
2 2 13
0.536462 0.463538 
1.83601 1.38151 2.46633 5.01784 -1.31958 -4.86679 -1.22323 1.21965 -3.89439 -1.17668 0.891727 -2.3232 0.985854 
1.18828 3.04394 3.65564 3.39479 6.97323 10.2935 8.73736 10.2749 8.76953 11.83 19.1519 10.6546 4.79069 
-0.575991 -0.803476 5.25571 7.59209 -0.76707 -6.92739 3.60681 0.386271 -2.8748 2.49732 2.01281 -2.83355 2.28876 
1.49552 0.700593 2.54971 1.95991 3.37581 8.22502 4.79681 3.42463 4.26049 12.4372 7.1868 8.33741 8.324 
0.74757 0.25243 
94 18 -1 18 94 1
2 1 13
0.5 0.5 
0.01 0.01 0.01 0.01 0.01 0.01 0.01 0.01 0.01 0.01 0.01 0.01 0.01 
16 16 16 16 16 16 16 16 16 16 16 16 16 
0.02 0.02 0.02 0.02 0.02 0.02 0.02 0.02 0.02 0.02 0.02 0.02 0.02 
16 16 16 16 16 16 16 16 16 16 16 16 16 
0 
95 19 19 -1 95 1
2 2 13
0.5 0.5 
0.01 0.01 0.01 0.01 0.01 0.01 0.01 0.01 0.01 0.01 0.01 0.01 0.01 
16 16 16 16 16 16 16 16 16 16 16 16 16 
0.02 0.02 0.02 0.02 0.02 0.02 0.02 0.02 0.02 0.02 0.02 0.02 0.02 
16 16 16 16 16 16 16 16 16 16 16 16 16 
0 1 
96 19 -1 -1 96 0
2 2 13
0.600202 0.399798 
-0.203332 0.316774 6.36313 6.52854 -0.190093 4.01389 0.978395 -4.26543 -3.41673 -4.90956 3.94442 -1.21855 0.628669 
0.0819043 4.58619 0.653994 1.5778 0.656792 6.54447 2.16528 1.45032 0.225134 0.916666 3.16381 3.29681 4.33867 
-5.62321 2.39928 8.0052 4.90345 4.64658 4.38213 1.4159 0.877519 -3.64233 -2.86891 -3.5458 -2.96056 -2.66946 
0.54574 4.15434 1.23452 3.61698 5.13291 8.98986 1.3638 2.91296 3.88807 12.032 9.46342 15.6567 3.84282 
0.752972 0.247028 
97 19 -1 -1 97 0
2 2 13
0.119139 0.880861 
0.337177 -4.47977 1.67609 0.764394 -3.77182 3.38119 2.26069 -2.4704 0.624996 -2.76543 2.73281 -1.20918 -2.49887 
3.71504 0.592663 9.77831 0.445293 5.76949 10.2248 7.33321 2.4008 3.86492 2.84858 1.01846 6.69282 3.06943 
0.600968 -7.04108 6.73801 5.91003 -0.0602171 7.93195 3.35608 1.49078 1.73768 -3.33709 2.29253 0.693999 -1.65683 
0.198519 2.10318 2.39155 3.34008 1.91194 1.56938 1.51525 6.01396 4.68094 6.28458 8.22253 16.8864 5.84533 
0.898289 0.101711 
98 19 -1 -1 98 0
2 2 13
0.660689 0.339311 
-0.784022 -2.07631 6.4614 7.54443 -0.42771 3.16503 0.519368 -2.48087 -0.0568006 -3.64696 -1.53406 4.30649 2.0626 
0.647969 4.2742 8.74248 4.90962 3.39886 3.30679 4.42048 4.18802 1.89803 4.7042 1.66193 3.44106 1.05076 
-0.213965 -7.63905 2.19227 2.85674 -1.14241 0.360546 0.220366 1.32024 1.14032 -3.08764 0.963237 3.77946 2.59719 
0.64687 1.91046 0.441107 1.36611 3.26448 2.54577 2.40353 3.22068 1.7043 1.78048 1.59589 7.90914 12.248 
0.676341 0.323659 
99 19 -1 19 99 1
2 1 13
0.5 0.5 
0.01 0.01 0.01 0.01 0.01 0.01 0.01 0.01 0.01 0.01 0.01 0.01 0.01 
16 16 16 16 16 16 16 16 16 16 16 16 16 
0.02 0.02 0.02 0.02 0.02 0.02 0.02 0.02 0.02 0.02 0.02 0.02 0.02 
16 16 16 16 16 16 16 16 16 16 16 16 16 
0 
100 20 20 -1 100 1
2 2 13
0.5 0.5 
0.01 0.01 0.01 0.01 0.01 0.01 0.01 0.01 0.01 0.01 0.01 0.01 0.01 
16 16 16 16 16 16 16 16 16 16 16 16 16 
0.02 0.02 0.02 0.02 0.02 0.02 0.02 0.02 0.02 0.02 0.02 0.02 0.02 
16 16 16 16 16 16 16 16 16 16 16 16 16 
0 1 
101 20 -1 -1 101 0
2 2 13
0.363305 0.636695 
-4.66627 -1.51247 1.51263 2.72388 4.79114 2.13615 0.475743 1.73925 -1.11844 0.194885 1.18674 -0.449935 -0.254998 
5.59661 3.56115 9.96572 10.7338 4.98321 13.7666 7.68028 10.7958 11.8627 12.2785 11.912 20.7355 6.27293 
-8.2362 -2.95184 0.448835 0.501397 2.95553 1.79901 2.05949 2.78236 1.21655 2.70299 4.37987 1.8843 1.34124 
0.338798 0.953456 2.04881 1.95282 2.50318 4.27537 3.72836 6.00227 6.34783 10.8461 7.08181 9.07294 6.72895 
0.898794 0.101206 
102 20 -1 -1 102 0
2 2 13
0.649862 0.350138 
-0.483163 -1.29891 -4.21728 -5.42413 0.532972 3.91191 -2.61345 -2.33085 -1.75007 3.84313 1.29648 2.19289 -0.908906 
1.46099 2.98546 9.16586 3.74253 7.78654 5.83356 4.60077 11.5464 4.95214 9.56802 14.1482 11.3925 8.89809 
-4.90509 -4.29892 -2.67745 -0.746609 4.98977 1.94401 0.360054 4.06191 -0.102112 1.28273 3.24104 5.41438 -0.372808 
7.1589 5.58632 13.6817 10.7608 14.5318 9.58168 4.14509 19.604 7.82309 10.1494 10.6638 11.1413 9.01759 
0.762806 0.237194 
103 20 -1 -1 103 0
2 2 13
0.648877 0.351123 
1.44745 -3.60243 -4.68544 0.184041 -0.536389 -2.60484 -0.843543 1.93692 0.373416 2.21203 -1.15457 1.55885 0.316374 
1.93745 1.59442 6.13656 5.0111 10.8016 5.48742 14.605 11.1236 9.86085 14.2955 12.1301 24.1454 8.30018 
-0.212716 -4.56015 0.572093 1.84729 -1.64276 -0.383071 0.449203 -0.0393672 -0.18634 1.39805 -0.878981 2.82502 -1.45754 
2.39913 8.3521 7.07477 7.15316 11.1842 7.90202 8.57731 18.4287 7.40297 10.879 7.36826 15.9847 8.22291 
0.800314 0.199686 
104 20 -1 20 104 1
2 1 13
0.5 0.5 
0.01 0.01 0.01 0.01 0.01 0.01 0.01 0.01 0.01 0.01 0.01 0.01 0.01 
16 16 16 16 16 16 16 16 16 16 16 16 16 
0.02 0.02 0.02 0.02 0.02 0.02 0.02 0.02 0.02 0.02 0.02 0.02 0.02 
16 16 16 16 16 16 16 16 16 16 16 16 16 
0 
105 21 21 -1 105 1
2 2 13
0.5 0.5 
0.01 0.01 0.01 0.01 0.01 0.01 0.01 0.01 0.01 0.01 0.01 0.01 0.01 
16 16 16 16 16 16 16 16 16 16 16 16 16 
0.02 0.02 0.02 0.02 0.02 0.02 0.02 0.02 0.02 0.02 0.02 0.02 0.02 
16 16 16 16 16 16 16 16 16 16 16 16 16 
0 1 
106 21 -1 -1 106 0
2 2 13
0.450666 0.549334 
4.13134 2.21541 -2.0138 -7.05922 -6.63941 5.4523 -0.0676364 -3.93865 1.41729 3.12802 -2.39888 2.66407 -5.84548 
0.615769 1.03299 5.24368 3.79249 2.51107 3.7398 3.23858 3.07348 2.81681 5.91486 3.03592 7.71522 3.73942 
2.33714 3.3707 2.6467 -4.49722 -4.06102 1.89014 0.909869 -5.3827 -1.32621 1.52773 -1.05643 2.31492 -2.58923 
2.22728 1.05725 14.9204 8.72424 17.1045 5.78389 14.4917 9.47594 7.04263 9.96127 12.856 9.00037 5.4894 
0.813626 0.186374 
107 21 -1 -1 107 0
2 2 13
0.681588 0.318412 
2.57889 3.89631 1.39443 -5.96404 -7.96256 5.34462 0.148379 -4.92071 0.482739 -1.28335 -0.120108 5.57316 -5.31195 
1.36777 0.578517 4.79127 7.44414 6.77515 2.53868 6.12775 8.71779 7.09453 6.65098 5.05889 6.80541 4.96068 
0.466348 3.161 6.12908 -2.87972 -2.51921 5.92358 0.877937 -4.18941 -3.2337 -3.14696 -2.51927 5.72035 -3.77567 
1.77223 1.08691 3.3663 8.87402 10.2962 8.68287 4.55572 14.5195 19.2282 14.1189 9.86796 9.57937 8.31383 
0.867268 0.132732 
108 21 -1 -1 108 0
2 2 13
0.382293 0.617707 
3.71637 2.31257 0.0478262 -2.17591 -4.36001 2.73359 -4.31284 -5.9063 2.29053 3.18307 -3.97791 1.22289 -3.09302 
0.596978 0.664457 4.34277 8.23066 2.944 4.59069 5.09679 9.34563 10.0121 7.29908 8.8877 7.78429 9.34879 
-2.54573 0.748703 1.48039 -3.76512 -2.40652 7.19155 2.30882 1.08356 2.71452 -4.6905 2.96963 -1.10693 -2.17192 
4.33675 1.4965 4.80252 1.82983 4.71724 5.10306 7.16246 10.4418 6.57283 10.245 14.3336 17.6961 7.36478 
0.853735 0.146265 
109 21 -1 21 109 1
2 1 13
0.5 0.5 
0.01 0.01 0.01 0.01 0.01 0.01 0.01 0.01 0.01 0.01 0.01 0.01 0.01 
16 16 16 16 16 16 16 16 16 16 16 16 16 
0.02 0.02 0.02 0.02 0.02 0.02 0.02 0.02 0.02 0.02 0.02 0.02 0.02 
16 16 16 16 16 16 16 16 16 16 16 16 16 
0 
110 22 22 -1 110 1
2 2 13
0.5 0.5 
0.01 0.01 0.01 0.01 0.01 0.01 0.01 0.01 0.01 0.01 0.01 0.01 0.01 
16 16 16 16 16 16 16 16 16 16 16 16 16 
0.02 0.02 0.02 0.02 0.02 0.02 0.02 0.02 0.02 0.02 0.02 0.02 0.02 
16 16 16 16 16 16 16 16 16 16 16 16 16 
0 1 
111 22 -1 -1 111 0
2 2 13
0.824785 0.175215 
0.299554 4.16271 1.96224 -0.715478 4.68002 1.85744 -1.47727 -3.26361 -5.70432 -2.72191 6.1613 -4.23387 1.06304 
0.25905 0.437592 3.25408 3.56519 4.04484 3.42054 8.1608 11.2755 5.83065 10.8662 8.67065 12.0611 6.29626 
-0.896346 3.99111 3.8933 3.1609 4.70199 0.0472796 1.86046 -1.46143 -7.06728 0.226059 3.0672 -7.82222 3.74489 
1.37469 0.949201 8.31947 3.87431 1.62955 4.25322 2.48226 10.3675 6.35332 11.3554 10.4749 5.64933 2.22827 
0.799226 0.200774 
112 22 -1 -1 112 0
2 2 13
0.627699 0.372301 
0.127892 4.87869 3.09867 0.445883 1.46272 -0.565402 4.68338 -3.23221 -10.5823 -2.35811 0.847571 -2.39847 7.66101 
0.812029 0.778759 2.46695 2.46836 6.52704 6.33834 2.46973 4.65634 1.97415 8.4839 7.56677 4.59476 4.01949 
-0.977346 2.79675 3.66935 2.86895 5.55088 1.18628 0.524831 -3.7858 -5.78907 -0.662318 1.75904 -4.37346 4.39153 
1.50003 1.50912 3.84195 5.56566 3.50759 4.04691 4.83739 4.95838 3.81593 13.9723 9.74231 15.9289 13.9864 
0.856844 0.143156 
113 22 -1 -1 113 0
2 2 13
0.317215 0.682785 
1.75151 3.5976 -0.650717 -1.97436 1.50889 2.06402 -0.116715 -1.04059 -1.03598 -1.51608 -0.275827 -3.76824 -0.335293 
0.31554 0.547592 6.12074 6.0883 2.95137 7.88908 10.3302 6.81066 14.8979 5.18028 14.8647 5.51815 7.75047 
-3.9998 -0.669933 -0.356658 4.51264 8.08919 6.63333 3.79505 -1.79372 -1.45154 -0.556613 -0.673227 -0.863864 4.05714 
2.47347 0.404374 4.93959 4.49864 2.17849 4.43322 4.69287 7.54056 4.64658 9.3079 7.2092 14.3833 7.53681 
0.738114 0.261886 
114 22 -1 22 114 1
2 1 13
0.5 0.5 
0.01 0.01 0.01 0.01 0.01 0.01 0.01 0.01 0.01 0.01 0.01 0.01 0.01 
16 16 16 16 16 16 16 16 16 16 16 16 16 
0.02 0.02 0.02 0.02 0.02 0.02 0.02 0.02 0.02 0.02 0.02 0.02 0.02 
16 16 16 16 16 16 16 16 16 16 16 16 16 
0 
115 23 23 -1 115 1
2 2 13
0.5 0.5 
0.01 0.01 0.01 0.01 0.01 0.01 0.01 0.01 0.01 0.01 0.01 0.01 0.01 
16 16 16 16 16 16 16 16 16 16 16 16 16 
0.02 0.02 0.02 0.02 0.02 0.02 0.02 0.02 0.02 0.02 0.02 0.02 0.02 
16 16 16 16 16 16 16 16 16 16 16 16 16 
0 1 
116 23 -1 -1 116 0
2 2 13
0.380958 0.619042 
0.783431 3.09109 1.89813 2.59708 -0.154603 0.215492 1.17422 -0.457293 -1.46506 -6.10645 -1.76752 -1.67601 2.06986 
1.40825 0.545838 6.69294 2.86658 11.3855 7.60972 3.53786 11.8977 5.8583 13.2796 30.68 14.2756 13.46 
1.07157 3.94905 3.35106 0.651574 1.73976 0.229006 3.31577 0.310335 -8.1241 2.93109 0.841173 -3.3799 7.48326 
0.362098 0.322437 2.25471 1.07479 2.05217 5.97097 3.64601 3.71566 3.19453 11.5865 11.0563 8.26546 4.73301 
0.690696 0.309304 
117 23 -1 -1 117 0
2 2 13
0.5944 0.4056 
0.0631454 3.71552 3.26413 1.77558 2.90108 -1.44509 1.77792 -0.970704 -7.77575 -1.25474 -1.69189 -0.989722 7.47408 
0.340214 0.440198 3.21104 1.58958 2.61649 4.2077 4.16786 5.05223 5.79477 7.56357 11.9753 11.2229 7.3951 
-1.19801 3.76996 6.89055 3.04516 3.02826 -4.40173 4.09908 -1.38443 -7.93398 -2.1935 -1.06729 -1.10656 7.29819 
0.482711 0.565079 3.68838 1.87656 2.49711 3.80832 3.34575 6.00893 5.86021 8.0843 8.6944 6.64163 8.22674 
0.840337 0.159663 
118 23 -1 -1 118 0
2 2 13
0.271158 0.728842 
1.52541 2.88297 1.44924 2.31249 1.05466 1.25699 -0.365692 -0.25968 -4.21154 -0.957193 -0.460662 -2.34482 4.22518 
1.06887 0.965606 8.37019 3.42426 5.91989 7.76877 14.3235 8.60014 8.58291 13.1451 9.58044 9.77395 16.5417 
-2.46234 1.02203 4.13075 4.47081 6.25042 0.756157 2.16773 -0.224966 -2.68537 -1.04088 -3.56458 -2.94805 4.34386 
1.35707 1.59048 6.16188 2.70305 2.12382 9.06427 4.83813 8.95567 9.85887 12.1269 13.7832 7.55962 11.9709 
0.68278 0.31722 
119 23 -1 23 119 1
2 1 13
0.5 0.5 
0.01 0.01 0.01 0.01 0.01 0.01 0.01 0.01 0.01 0.01 0.01 0.01 0.01 
16 16 16 16 16 16 16 16 16 16 16 16 16 
0.02 0.02 0.02 0.02 0.02 0.02 0.02 0.02 0.02 0.02 0.02 0.02 0.02 
16 16 16 16 16 16 16 16 16 16 16 16 16 
0 
120 24 24 -1 120 1
2 2 13
0.5 0.5 
0.01 0.01 0.01 0.01 0.01 0.01 0.01 0.01 0.01 0.01 0.01 0.01 0.01 
16 16 16 16 16 16 16 16 16 16 16 16 16 
0.02 0.02 0.02 0.02 0.02 0.02 0.02 0.02 0.02 0.02 0.02 0.02 0.02 
16 16 16 16 16 16 16 16 16 16 16 16 16 
0 1 
121 24 -1 -1 121 0
2 2 13
0.717146 0.282854 
2.50579 1.68926 1.69323 2.69755 -7.52975 -1.45749 4.00948 1.32065 -2.72796 0.569856 2.28558 -3.72008 -0.300922 
0.274861 0.39218 2.08595 0.656193 1.80086 10.5751 8.00001 11.8204 3.07851 5.96023 12.0996 7.13805 4.61822 
0.948452 2.78445 5.31709 1.84283 -5.30885 -1.43693 4.74445 -1.17012 -6.37588 -2.07241 2.63469 -4.92843 2.0835 
0.534608 0.435744 6.57728 1.20809 4.36516 4.80011 3.0048 1.88656 5.34491 10.8471 9.17306 4.18228 1.13251 
0.868967 0.131033 
122 24 -1 -1 122 0
2 2 13
0.541335 0.458665 
-0.292318 4.70524 5.47024 -0.973609 1.59982 0.497279 3.28292 -2.26402 -5.84837 -4.20876 4.79271 -5.21202 4.98425 
0.579099 0.246091 1.93627 1.51998 4.75503 1.03854 4.58409 8.91429 1.79441 12.7532 4.46152 7.25558 11.0486 
1.08345 4.83854 -0.606323 -0.979013 1.15036 -3.46153 4.4514 -0.594159 -7.01855 4.03687 0.790772 -5.31399 3.526 
0.0686181 0.175778 1.49303 0.665681 0.515791 1.54182 1.12903 2.81388 2.79792 3.00781 1.70778 3.01623 3.81596 
0.871352 0.128648 
123 24 -1 -1 123 0
2 2 13
0.355747 0.644253 
1.29215 2.94757 3.68473 1.62967 -4.18773 -1.08608 4.08965 -0.733129 -6.29087 -1.6919 3.78019 -6.08627 2.34622 
1.28321 0.916291 4.00782 3.00653 7.80105 4.66191 1.45095 12.9169 4.01271 8.16687 3.24663 15.2379 7.3388 
-2.35116 3.32082 3.14297 2.77297 2.86086 0.208316 5.10501 -2.84239 -1.3707 -0.728299 -3.92076 -3.78294 4.8912 
0.854693 2.29852 3.35791 2.42302 2.34794 11.7771 3.75234 7.83427 4.03848 5.56286 5.57764 6.76254 2.88243 
0.852884 0.147116 
124 24 -1 24 124 1
2 1 13
0.5 0.5 
0.01 0.01 0.01 0.01 0.01 0.01 0.01 0.01 0.01 0.01 0.01 0.01 0.01 
16 16 16 16 16 16 16 16 16 16 16 16 16 
0.02 0.02 0.02 0.02 0.02 0.02 0.02 0.02 0.02 0.02 0.02 0.02 0.02 
16 16 16 16 16 16 16 16 16 16 16 16 16 
0 
125 25 25 -1 125 1
2 2 13
0.5 0.5 
0.01 0.01 0.01 0.01 0.01 0.01 0.01 0.01 0.01 0.01 0.01 0.01 0.01 
16 16 16 16 16 16 16 16 16 16 16 16 16 
0.02 0.02 0.02 0.02 0.02 0.02 0.02 0.02 0.02 0.02 0.02 0.02 0.02 
16 16 16 16 16 16 16 16 16 16 16 16 16 
0 1 
126 25 -1 -1 126 0
2 2 13
0.601269 0.398731 
3.4363 3.46878 -2.32185 -3.06525 -2.33544 0.0578454 -2.45273 -1.5515 -0.476397 5.44132 -1.13427 -4.89115 -2.15404 
0.256647 0.377208 5.32074 0.881802 3.08108 7.13548 7.54054 5.09051 12.0957 8.07463 8.67946 12.2956 6.13062 
3.10948 2.37539 0.343196 -1.78258 0.592377 -1.25579 -2.6 -3.22936 -1.37882 5.32919 1.31882 -6.58313 -0.799371 
1.53548 1.03544 2.08522 6.34512 12.2297 6.65585 0.950932 5.72322 11.8866 1.65438 4.80349 13.3695 4.01998 
0.743973 0.256027 
127 25 -1 -1 127 0
2 2 13
0.643708 0.356292 
4.29184 3.44696 -0.162572 -3.7492 -3.64498 -0.0158406 -4.6588 -6.06255 -4.14521 7.22142 1.07874 -5.7549 -0.0477615 
0.901101 0.418049 0.46501 3.38791 0.858369 2.59592 2.19962 0.939124 3.80321 5.03758 5.24327 8.17177 2.36543 
2.42099 5.55414 -0.875497 -5.93122 -4.03751 2.33619 -0.713723 -3.05902 -4.12726 2.63708 0.551436 1.65151 -3.26879 
0.262083 0.63456 1.44772 2.40126 1.60217 1.91952 3.03071 3.8514 11.5001 7.87543 3.73525 7.06409 4.57178 
0.885364 0.114636 
128 25 -1 -1 128 0
2 2 13
0.614084 0.385916 
1.75798 4.40245 1.71692 -6.12097 -5.61456 5.06889 0.755902 2.86632 1.65075 -4.98195 4.76655 3.40618 -4.69634 
0.730744 0.26912 6.77156 1.40098 1.07513 2.52681 1.7508 8.96933 5.88064 15.2413 14.0514 13.5275 6.68884 
1.82725 2.95621 2.55813 1.57299 0.588638 -2.36308 -4.2357 -2.47993 -1.8734 5.23297 -5.86707 -2.194 0.213023 
0.678382 1.17283 1.81839 2.47931 7.70098 8.52989 3.47606 7.04266 1.94623 30.5652 10.569 7.62776 11.2293 
0.881852 0.118148 
129 25 -1 25 129 1
2 1 13
0.5 0.5 
0.01 0.01 0.01 0.01 0.01 0.01 0.01 0.01 0.01 0.01 0.01 0.01 0.01 
16 16 16 16 16 16 16 16 16 16 16 16 16 
0.02 0.02 0.02 0.02 0.02 0.02 0.02 0.02 0.02 0.02 0.02 0.02 0.02 
16 16 16 16 16 16 16 16 16 16 16 16 16 
0 
130 26 26 -1 130 1
2 2 13
0.5 0.5 
0.01 0.01 0.01 0.01 0.01 0.01 0.01 0.01 0.01 0.01 0.01 0.01 0.01 
16 16 16 16 16 16 16 16 16 16 16 16 16 
0.02 0.02 0.02 0.02 0.02 0.02 0.02 0.02 0.02 0.02 0.02 0.02 0.02 
16 16 16 16 16 16 16 16 16 16 16 16 16 
0 1 
131 26 -1 -1 131 0
2 2 13
0.490506 0.509494 
-4.04232 0.175213 3.27329 0.367318 2.39016 1.76375 0.756085 1.03469 -1.7005 3.27728 1.94091 -1.0124 1.38883 
2.92287 9.54211 7.06863 2.62256 2.54877 9.21604 6.73808 7.69532 13.8496 11.8189 12.8672 20.737 9.30683 
-5.72132 -0.59954 4.84838 3.01534 5.18897 5.02933 1.68327 1.9128 -2.14688 0.461653 -0.181943 -6.22638 -1.88304 
0.995433 3.32155 5.17195 1.37597 1.78538 5.35978 2.07463 6.25727 7.09916 8.69301 10.5399 14.7786 5.96716 
0.767514 0.232486 
132 26 -1 -1 132 0
2 2 13
0.392561 0.607439 
-6.29011 -3.56787 -2.29664 -0.743244 1.99757 3.07879 3.80866 2.91446 -2.33198 -1.05699 2.66745 1.30537 4.68114 
1.48049 1.4556 11.0592 3.43431 2.01572 9.20525 4.28896 9.08523 3.77789 7.42544 9.83767 8.61425 14.6448 
-7.50738 -3.94529 0.425793 0.0371191 3.48432 2.87023 2.44809 3.44152 -0.498052 2.30963 3.20478 0.202924 1.92364 
1.74126 0.829111 1.32817 1.65658 2.97345 3.75462 4.15636 5.53276 10.4233 10.7249 10.2534 15.0966 7.08278 
0.832399 0.167601 
133 26 -1 -1 133 0
2 2 13
0.494007 0.505993 
0.751795 -3.04964 -6.50444 -3.51372 -0.717858 0.683622 1.32982 0.955561 2.04207 2.20264 -0.567929 -1.37 0.97969 
2.48748 1.37207 4.87723 5.13221 4.76792 6.99262 11.4351 11.4599 5.80618 13.0783 11.1579 10.6751 8.89859 
-1.20122 -3.64629 -1.21368 -1.75572 1.79161 2.46659 0.556401 -1.63036 1.07486 0.729587 0.29651 2.19918 -0.612064 
2.43699 3.94196 11.1289 4.65863 4.52398 8.1403 7.82079 6.8776 5.01723 16.7197 6.3347 11.613 9.48288 
0.887066 0.112934 
134 26 -1 26 134 1
2 1 13
0.5 0.5 
0.01 0.01 0.01 0.01 0.01 0.01 0.01 0.01 0.01 0.01 0.01 0.01 0.01 
16 16 16 16 16 16 16 16 16 16 16 16 16 
0.02 0.02 0.02 0.02 0.02 0.02 0.02 0.02 0.02 0.02 0.02 0.02 0.02 
16 16 16 16 16 16 16 16 16 16 16 16 16 
0 
135 27 27 -1 135 1
2 2 13
0.5 0.5 
0.01 0.01 0.01 0.01 0.01 0.01 0.01 0.01 0.01 0.01 0.01 0.01 0.01 
16 16 16 16 16 16 16 16 16 16 16 16 16 
0.02 0.02 0.02 0.02 0.02 0.02 0.02 0.02 0.02 0.02 0.02 0.02 0.02 
16 16 16 16 16 16 16 16 16 16 16 16 16 
0 1 
136 27 -1 -1 136 0
2 3 13
0.175687 0.824313 
-3.62416 -1.58914 -0.138011 1.76776 0.499226 0.140572 3.78533 3.08748 -0.874703 0.937915 -1.81318 -0.983256 0.357548 
4.9401 5.08867 6.74187 9.54977 8.34134 11.6888 13.4766 11.3312 7.24276 13.0622 14.428 21.1965 10.2027 
-7.23767 -1.72987 0.369522 0.351131 3.42006 3.44047 2.83925 2.71206 1.2922 0.063424 -0.586466 -1.81289 0.104143 
0.667329 0.810689 2.94626 3.79718 4.95442 5.78669 3.91533 5.9615 6.14586 10.4285 10.4808 12.86 7.79094 
0.848785 0.0326524 0.118563 
137 27 -1 -1 137 0
2 3 13
0.455223 0.544777 
-0.638459 0.650967 -3.89746 2.01157 3.20162 2.08292 -2.41854 6.2628 3.34563 -1.76745 -0.606032 -0.758943 -1.01803 
2.61333 2.23634 17.4404 4.14063 17.8763 12.5156 16.85 19.1843 10.6449 14.8031 17.3031 11.761 9.5712 
-4.21718 -2.02623 -3.66393 -1.20974 2.68959 1.7539 1.04772 5.6533 4.89239 0.478579 -0.887109 -0.0502823 0.362467 
4.32499 1.84319 5.8946 2.88445 4.39096 4.73601 3.28024 18.1827 8.04284 25.5422 16.8452 8.76445 11.8252 
0.748878 0.0208886 0.230234 
138 27 -1 -1 138 0
2 2 13
0.110006 0.889994 
-7.49221 -4.20639 1.59721 1.41373 4.16842 3.39919 3.27483 1.73805 -0.0942298 1.79101 3.04548 0.358283 0.792224 
1.74825 3.75258 5.53121 3.9 4.19164 7.35191 3.49939 5.43516 5.95762 13.4627 12.5009 27.0341 17.687 
-8.57569 -3.63094 -0.0921047 0.549877 2.88643 2.63919 3.09917 3.9899 2.03959 2.72596 4.64572 2.31499 1.26065 
0.290494 0.409118 1.48468 1.56675 2.25084 3.66047 3.16385 4.86837 4.32786 9.22047 8.73841 9.24935 6.68913 
0.984079 0.0159208 
139 27 -1 27 139 1
2 1 13
0.5 0.5 
0.01 0.01 0.01 0.01 0.01 0.01 0.01 0.01 0.01 0.01 0.01 0.01 0.01 
16 16 16 16 16 16 16 16 16 16 16 16 16 
0.02 0.02 0.02 0.02 0.02 0.02 0.02 0.02 0.02 0.02 0.02 0.02 0.02 
16 16 16 16 16 16 16 16 16 16 16 16 16 
0 
140 28 28 -1 140 1
2 2 13
0.5 0.5 
0.01 0.01 0.01 0.01 0.01 0.01 0.01 0.01 0.01 0.01 0.01 0.01 0.01 
16 16 16 16 16 16 16 16 16 16 16 16 16 
0.02 0.02 0.02 0.02 0.02 0.02 0.02 0.02 0.02 0.02 0.02 0.02 0.02 
16 16 16 16 16 16 16 16 16 16 16 16 16 
0 1 
141 28 -1 -1 141 0
2 2 13
0.469379 0.530621 
4.34206 3.97656 -5.92082 -4.5404 -0.259081 -2.02962 -6.25581 2.37163 1.41632 -0.974718 2.56758 -1.35709 -4.83989 
1.25415 0.344458 1.46914 7.84376 0.670329 9.20292 6.59178 3.75762 3.23422 5.06679 5.36421 10.434 5.83513 
0.611302 5.20088 -0.956005 -2.21648 2.12055 1.70381 -5.01861 -1.21755 -2.27123 -2.32614 1.86047 1.67841 -1.36969 
0.867872 1.15709 3.16279 5.23554 4.92073 9.49145 6.93426 18.2672 8.36294 9.00128 10.8313 11.0227 9.42767 
0.637269 0.362731 
142 28 -1 -1 142 0
2 2 13
0.455625 0.544375 
4.40806 4.38092 -6.2339 -2.98436 -0.0135623 -1.11099 -10.4228 2.9848 1.41079 0.0535664 -0.652937 1.63455 -3.75857 
0.221727 0.43864 1.43467 3.59727 4.56624 8.71898 3.08094 4.08043 2.9951 4.80524 2.72643 2.46046 3.8989 
2.45536 5.66431 -4.34834 -2.7739 2.14875 0.208469 -9.53054 0.349364 1.33902 -2.26731 -0.266437 1.01862 -2.71632 
0.638866 0.601379 2.09751 6.36511 4.56484 6.69503 7.812 5.88074 8.49465 8.12691 11.6089 7.39982 5.74049 
0.826848 0.173152 
143 28 -1 -1 143 0
2 2 13
0.200092 0.799908 
2.59588 3.63995 -3.12751 2.1479 2.75717 -4.17312 -10.273 5.10612 -4.36469 -5.70888 0.167589 2.61784 -3.27058 
0.135995 0.60892 1.91282 6.34914 3.08228 2.74974 6.46479 9.46939 6.52186 4.59418 6.18847 8.02829 2.39054 
1.89734 4.78623 -3.09158 -3.33151 1.2271 -1.90333 -6.29278 3.62401 2.18825 -0.757467 -1.19227 1.54601 -3.29179 
1.38369 0.945075 3.7983 4.70673 7.72295 7.09637 2.73857 11.3371 8.69271 9.89857 9.85662 5.44663 6.03338 
0.724065 0.275935 
144 28 -1 28 144 1
2 1 13
0.5 0.5 
0.01 0.01 0.01 0.01 0.01 0.01 0.01 0.01 0.01 0.01 0.01 0.01 0.01 
16 16 16 16 16 16 16 16 16 16 16 16 16 
0.02 0.02 0.02 0.02 0.02 0.02 0.02 0.02 0.02 0.02 0.02 0.02 0.02 
16 16 16 16 16 16 16 16 16 16 16 16 16 
0 
145 29 29 -1 145 1
2 2 13
0.5 0.5 
0.01 0.01 0.01 0.01 0.01 0.01 0.01 0.01 0.01 0.01 0.01 0.01 0.01 
16 16 16 16 16 16 16 16 16 16 16 16 16 
0.02 0.02 0.02 0.02 0.02 0.02 0.02 0.02 0.02 0.02 0.02 0.02 0.02 
16 16 16 16 16 16 16 16 16 16 16 16 16 
0 1 
146 29 -1 -1 146 0
2 2 13
0.679015 0.320985 
0.575711 -3.1416 0.0328511 0.18218 3.58486 -1.03333 -1.0292 -1.31632 3.31213 1.99315 -2.47241 0.980319 1.22589 
0.313243 6.61377 7.325 5.11664 6.9366 13.4301 10.098 7.85882 5.31479 24.4738 7.24451 13.5379 10.6222 
-0.76994 -4.66664 1.60363 -0.804082 4.01724 -0.482026 3.66158 1.85933 0.969604 -0.760323 2.07967 1.48061 1.81659 
2.01285 1.81209 3.50546 6.95036 2.65889 14.1781 5.30383 22.4786 7.82933 7.02564 6.16892 20.5305 7.00996 
0.748669 0.251331 
147 29 -1 -1 147 0
2 2 13
0.585309 0.414691 
-0.169406 -7.22072 0.112507 -3.7067 2.58442 -3.31704 1.08839 -0.997761 2.33291 -0.589401 0.53509 4.23545 2.3324 
0.555352 0.883161 2.99985 2.46587 3.90447 5.43265 4.35863 7.65758 5.37372 11.31 10.1169 9.30844 9.32878 
-0.345636 -7.771 1.98167 -4.93961 3.28568 -1.18151 2.40182 -1.87849 2.56547 -0.0506133 0.924707 2.14888 0.645347 
0.826644 0.446143 7.38199 1.36393 2.67212 2.8365 2.50876 4.23351 2.90854 7.23612 6.96246 8.99579 6.92302 
0.920191 0.0798093 
148 29 -1 -1 148 0
2 2 13
0.721356 0.278644 
-0.193143 -5.94024 0.611041 -1.09031 1.95891 -0.584376 0.874629 -2.17105 0.769738 1.93197 0.250573 1.65312 1.83662 
1.82975 1.98653 3.23743 3.548 7.57762 6.50332 4.96941 8.15538 8.29482 21.8702 7.92643 16.2773 10.0189 
-2.14361 -6.59744 3.7143 -0.925458 2.45701 1.7938 1.9408 0.0727217 2.43077 2.73317 0.887166 3.65488 -0.0217287 
4.14197 6.06158 7.43318 12.4102 5.04465 7.66363 13.3182 5.72033 9.14839 6.29255 19.5235 10.219 9.34169 
0.745224 0.254776 
149 29 -1 29 149 1
2 1 13
0.5 0.5 
0.01 0.01 0.01 0.01 0.01 0.01 0.01 0.01 0.01 0.01 0.01 0.01 0.01 
16 16 16 16 16 16 16 16 16 16 16 16 16 
0.02 0.02 0.02 0.02 0.02 0.02 0.02 0.02 0.02 0.02 0.02 0.02 0.02 
16 16 16 16 16 16 16 16 16 16 16 16 16 
0 
150 30 30 -1 150 1
2 2 13
0.5 0.5 
0.01 0.01 0.01 0.01 0.01 0.01 0.01 0.01 0.01 0.01 0.01 0.01 0.01 
16 16 16 16 16 16 16 16 16 16 16 16 16 
0.02 0.02 0.02 0.02 0.02 0.02 0.02 0.02 0.02 0.02 0.02 0.02 0.02 
16 16 16 16 16 16 16 16 16 16 16 16 16 
0 1 
151 30 -1 -1 151 0
2 2 13
0.145177 0.854823 
1.28719 -6.24097 4.04885 5.70223 -0.865473 1.3299 2.87749 -0.586394 1.06667 -0.0745379 -0.55263 -2.39143 -0.458606 
0.128861 5.0104 3.89679 2.26484 1.10445 8.29064 7.08868 13.0936 2.74168 8.02051 5.36501 12.1075 6.28458 
-0.806707 -4.19616 0.159542 1.14022 -2.3542 -1.46932 0.17994 1.69783 2.00395 2.05932 0.585659 4.13444 3.83003 
5.15106 7.30628 3.16693 1.50837 7.09651 9.46206 2.23597 9.57868 6.59814 13.7329 13.9875 13.3882 8.5258 
0.811388 0.188612 
152 30 -1 -1 152 0
2 2 13
0.431941 0.568059 
1.31781 -9.5153 0.841667 1.45817 -3.48506 -0.950438 2.2703 -1.02761 1.29089 -0.901685 0.36376 1.24043 3.71423 
0.448868 0.818359 2.36907 1.53003 2.37104 3.69741 2.77497 6.15151 4.1398 10.9853 5.18348 17.6206 7.05138 
1.52008 -9.67573 2.39 0.734113 -3.08374 0.626941 0.733924 0.697242 -1.2627 -1.24019 1.99255 0.468674 2.12157 
0.258172 0.276605 1.25568 1.82154 2.43625 3.88303 2.30848 4.31584 4.53091 6.48757 10.1322 6.59094 8.63339 
0.928376 0.0716242 
153 30 -1 -1 153 0
2 2 13
0.35165 0.64835 
-0.812703 -3.85428 -1.63055 5.38786 -0.143547 -0.902158 1.088 -0.0561697 4.07229 1.183 0.847422 -0.648649 2.50866 
1.26371 4.72587 5.09506 2.55984 3.93427 7.29673 3.54832 8.12659 4.9585 11.6295 7.44453 8.68193 10.4368 
0.334152 -7.9149 -0.381623 2.80717 -4.27339 -0.659639 0.809447 -0.184354 2.73009 -0.492527 1.08078 1.29026 5.07367 
0.232013 1.16188 1.84885 2.42482 6.28659 4.72677 2.92749 7.50146 4.28215 6.94777 11.8343 7.17503 4.24185 
0.830625 0.169375 
154 30 -1 30 154 1
2 1 13
0.5 0.5 
0.01 0.01 0.01 0.01 0.01 0.01 0.01 0.01 0.01 0.01 0.01 0.01 0.01 
16 16 16 16 16 16 16 16 16 16 16 16 16 
0.02 0.02 0.02 0.02 0.02 0.02 0.02 0.02 0.02 0.02 0.02 0.02 0.02 
16 16 16 16 16 16 16 16 16 16 16 16 16 
0 
155 31 31 -1 155 1
2 2 13
0.5 0.5 
0.01 0.01 0.01 0.01 0.01 0.01 0.01 0.01 0.01 0.01 0.01 0.01 0.01 
16 16 16 16 16 16 16 16 16 16 16 16 16 
0.02 0.02 0.02 0.02 0.02 0.02 0.02 0.02 0.02 0.02 0.02 0.02 0.02 
16 16 16 16 16 16 16 16 16 16 16 16 16 
0 1 
156 31 -1 -1 156 0
2 2 13
0.485495 0.514505 
-1.30798 0.878439 -6.43773 -0.63805 7.9592 4.21261 -3.64254 10.5208 7.13658 0.395493 -0.395175 -1.45808 0.568417 
1.0218 0.9467 3.40566 1.45526 2.42319 2.76678 4.60239 7.85332 5.06416 9.81605 6.96314 5.36974 3.50744 
-5.4563 -1.19895 -5.80737 -1.73141 2.99528 2.28328 0.169717 6.07934 4.34126 -0.0365153 2.34915 0.728803 1.1457 
1.28944 0.276979 3.88396 1.19654 1.61183 3.58 2.75167 9.75238 2.98566 13.5342 12.1435 9.88693 5.47073 
0.968898 0.0311017 
157 31 -1 31 157 1
2 1 13
0.5 0.5 
0.01 0.01 0.01 0.01 0.01 0.01 0.01 0.01 0.01 0.01 0.01 0.01 0.01 
16 16 16 16 16 16 16 16 16 16 16 16 16 
0.02 0.02 0.02 0.02 0.02 0.02 0.02 0.02 0.02 0.02 0.02 0.02 0.02 
16 16 16 16 16 16 16 16 16 16 16 16 16 
0 
158 32 32 -1 158 1
2 2 13
0.5 0.5 
0.01 0.01 0.01 0.01 0.01 0.01 0.01 0.01 0.01 0.01 0.01 0.01 0.01 
16 16 16 16 16 16 16 16 16 16 16 16 16 
0.02 0.02 0.02 0.02 0.02 0.02 0.02 0.02 0.02 0.02 0.02 0.02 0.02 
16 16 16 16 16 16 16 16 16 16 16 16 16 
0 1 
159 32 -1 -1 159 0
2 2 13
0.575009 0.424991 
-1.67999 -1.50648 4.61215 4.47959 2.23545 0.872779 -1.00881 -0.0865148 0.445016 -0.308277 -0.530277 0.289002 0.190521 
9.42723 13.6477 16.0698 9.61865 6.71082 20.0287 7.15132 11.7117 14.204 12.5213 14.3046 20.3592 10.1933 
-5.94492 -1.99414 1.51468 1.44178 3.97243 4.08015 2.75614 3.38495 -1.30706 -0.192304 2.27155 -0.669347 0.537157 
5.76488 2.25585 8.45126 4.16434 3.74101 3.05549 3.19501 3.43867 10.2558 14.226 11.9191 16.5593 13.1267 
0.721485 0.278515 
160 32 -1 -1 160 0
2 2 13
0.697582 0.302418 
1.30017 -7.12114 1.71833 -0.120762 -1.75806 -0.359902 -0.271252 0.9148 -1.00585 -0.599161 1.33136 3.02435 0.560073 
1.29884 3.38398 10.1145 4.39011 4.61326 5.06278 4.02699 10.6368 4.48214 12.9097 7.87093 8.89434 9.93956 
-1.00075 -5.11055 0.625808 2.30882 -1.56621 1.98421 -0.325436 -1.02942 2.2096 -1.07409 1.29127 0.847725 1.2362 
6.63594 21.3463 8.98804 3.49099 5.33994 12.7831 4.74551 10.8971 5.84398 9.94424 6.44392 9.65079 10.183 
0.790411 0.209589 
161 32 -1 -1 161 0
2 2 13
0.29905 0.70095 
1.76605 2.64774 -2.82231 4.02246 -2.44136 -2.34045 -3.22901 -4.5274 3.18127 -1.64619 0.284789 0.725658 3.59931 
0.954834 1.48917 3.4743 6.92576 3.93013 9.69504 1.81516 3.64721 2.01753 16.2904 8.61249 24.5778 9.65834 
0.196747 -3.44684 -2.86344 3.17264 -0.34139 -3.03768 0.167799 2.36616 1.34891 0.726519 -0.467855 0.890211 0.107877 
1.25725 4.01054 10.2645 4.72798 8.11923 10.4096 7.71993 17.1707 8.6124 16.8894 15.5708 12.6361 11.7863 
0.773034 0.226966 
162 32 -1 32 162 1
2 1 13
0.5 0.5 
0.01 0.01 0.01 0.01 0.01 0.01 0.01 0.01 0.01 0.01 0.01 0.01 0.01 
16 16 16 16 16 16 16 16 16 16 16 16 16 
0.02 0.02 0.02 0.02 0.02 0.02 0.02 0.02 0.02 0.02 0.02 0.02 0.02 
16 16 16 16 16 16 16 16 16 16 16 16 16 
0 
163 33 33 -1 163 1
2 2 13
0.5 0.5 
0.01 0.01 0.01 0.01 0.01 0.01 0.01 0.01 0.01 0.01 0.01 0.01 0.01 
16 16 16 16 16 16 16 16 16 16 16 16 16 
0.02 0.02 0.02 0.02 0.02 0.02 0.02 0.02 0.02 0.02 0.02 0.02 0.02 
16 16 16 16 16 16 16 16 16 16 16 16 16 
0 1 
164 33 -1 -1 164 0
2 2 13
0.799158 0.200842 
1.14493 0.937198 1.63581 -0.0384626 4.1217 -5.38386 -0.682119 1.85991 3.1806 2.74001 -0.693492 0.445908 -0.167527 
0.132904 1.0681 0.217821 0.926733 2.62912 6.86122 3.65574 7.30051 0.459703 6.27383 5.70172 7.65759 13.47 
0.527961 -1.64491 2.59102 3.70534 1.41043 -1.61415 4.93832 1.99383 3.09968 3.81933 -1.68345 -4.24117 0.807586 
0.171358 0.0556457 0.0535781 0.0380823 0.168007 0.604866 0.00187325 0.00337279 0.250741 0.0128395 0.0827138 0.107316 0.101079 
0.79887 0.20113 
165 33 -1 -1 165 0
2 2 13
0.401066 0.598934 
-2.37417 -6.89842 -2.52477 -1.14054 0.0144237 -3.25749 2.05852 -0.122553 2.61095 1.05217 1.2419 4.89544 3.58254 
0.740506 1.42425 1.35859 1.00431 2.78922 0.603805 2.24642 8.47156 10.9412 1.47824 14.4845 4.74509 1.37562 
-1.98002 -5.32734 0.433214 1.33913 2.9839 0.459806 4.92828 -1.89258 1.27978 0.97767 0.974728 0.492075 4.06352 
3.03953 0.36849 0.947651 2.06233 1.65282 0.78193 1.51571 5.51657 4.0946 6.11799 5.59625 6.47794 2.85161 
0.89959 0.10041 
166 33 -1 -1 166 0
2 2 13
0.00278823 0.997212 
0.697265 -0.695628 -0.0803903 2.83024 2.31494 -7.01089 0.562536 -0.406166 0.121952 -4.92396 -1.61957 3.49284 1.05622 
1.26388 1.23217 4.15297 7.07248 7.76409 0.001 0.0412669 0.0292244 0.001 2.37354 1.34716 0.319872 0.879193 
-0.162566 -5.75696 -3.42081 2.21563 6.20433 -3.20731 -2.16237 -2.57484 2.66966 -3.54044 -2.46457 0.977846 -0.627331 
2.15186 3.89699 4.49319 0.670583 8.90911 0.167638 4.54611 15.5837 2.30182 4.04072 1.00659 14.3561 12.2248 
0.750569 0.249431 
167 33 -1 33 167 1
2 1 13
0.5 0.5 
0.01 0.01 0.01 0.01 0.01 0.01 0.01 0.01 0.01 0.01 0.01 0.01 0.01 
16 16 16 16 16 16 16 16 16 16 16 16 16 
0.02 0.02 0.02 0.02 0.02 0.02 0.02 0.02 0.02 0.02 0.02 0.02 0.02 
16 16 16 16 16 16 16 16 16 16 16 16 16 
0 
168 34 34 -1 168 1
2 2 13
0.5 0.5 
0.01 0.01 0.01 0.01 0.01 0.01 0.01 0.01 0.01 0.01 0.01 0.01 0.01 
16 16 16 16 16 16 16 16 16 16 16 16 16 
0.02 0.02 0.02 0.02 0.02 0.02 0.02 0.02 0.02 0.02 0.02 0.02 0.02 
16 16 16 16 16 16 16 16 16 16 16 16 16 
0 1 
169 34 -1 -1 169 0
2 2 13
0.0473012 0.952699 
1.87401 2.52695 0.362449 4.01036 0.786863 -6.96762 -5.43271 4.86501 -4.41372 -3.88281 0.445681 3.82049 -7.65528 
0.001 0.001 0.001 0.001 0.001 0.001 0.001 0.001 0.001 0.001 0.001 0.001 0.001 
3.18203 1.00321 2.15588 2.75774 0.694219 0.966127 -5.83251 -2.95609 1.35253 1.14763 -9.00866 -1.55369 0.202767 
2.83531 0.822919 1.33763 6.91698 11.2207 1.78545 7.04813 4.89712 2.8968 3.68548 1.00914 3.3691 15.8159 
0.581838 0.418162 
170 34 -1 -1 170 0
2 2 13
5.10067e-16 1 
4.39721 2.91188 -2.87678 3.26341 -2.9157 -2.66602 -7.65604 -2.82775 -0.11254 -0.121314 -4.02396 -7.49975 5.31606 
0.0149663 0.0730955 0.264972 0.991849 0.60151 0.212864 0.155853 0.229011 0.836193 3.36225 0.218136 1.08451 0.841874 
2.24295 2.04072 3.50511 4.76034 -0.0287489 -6.69691 -2.16299 0.0699756 -0.643985 0.367784 -3.94611 -2.48116 1.18894 
0.825168 0.46214 2.06732 2.09638 2.77873 8.00832 9.14541 14.2523 3.24192 12.1891 5.9954 4.42936 9.39201 
0.782563 0.217437 
171 34 -1 -1 171 0
2 2 13
5.88347e-16 1 
4.67376 2.99994 -4.5258 1.47857 -0.306129 -4.06239 -6.63412 -3.99797 2.04732 0.298733 -4.05042 -5.12143 0.298403 
0.001 0.001 0.0171874 0.00581888 0.0444368 0.0166026 0.00989418 0.0134455 0.0468687 0.0802349 0.00475114 0.00834432 0.240772 
-0.396856 2.77597 1.46345 4.4807 1.0643 -1.12363 -1.80526 -0.242817 0.681324 -0.247987 -3.40016 0.546962 1.85242 
0.749799 1.09233 2.45641 2.58766 0.166857 2.97326 4.25485 2.80523 12.9619 32.6495 5.41528 4.15089 11.0991 
0.00303308 0.996967 
172 34 -1 34 172 1
2 1 13
0.5 0.5 
0.01 0.01 0.01 0.01 0.01 0.01 0.01 0.01 0.01 0.01 0.01 0.01 0.01 
16 16 16 16 16 16 16 16 16 16 16 16 16 
0.02 0.02 0.02 0.02 0.02 0.02 0.02 0.02 0.02 0.02 0.02 0.02 0.02 
16 16 16 16 16 16 16 16 16 16 16 16 16 
0 
173 35 35 -1 173 1
2 2 13
0.5 0.5 
0.01 0.01 0.01 0.01 0.01 0.01 0.01 0.01 0.01 0.01 0.01 0.01 0.01 
16 16 16 16 16 16 16 16 16 16 16 16 16 
0.02 0.02 0.02 0.02 0.02 0.02 0.02 0.02 0.02 0.02 0.02 0.02 0.02 
16 16 16 16 16 16 16 16 16 16 16 16 16 
0 1 
174 35 -1 -1 174 0
2 2 13
0.117868 0.882132 
0.311178 -0.773064 1.16198 5.86359 4.02944 -1.25333 0.660792 -2.24583 1.72455 0.202512 -5.39095 4.23152 -0.318345 
0.001 0.001 0.001 0.001 0.001 0.001 0.001 0.001 0.001 0.001 0.001 0.001 0.001 
1.04851 3.50917 0.720476 1.04286 0.749878 0.0409366 -3.54012 -0.435014 -0.262674 3.82878 2.72482 -7.00146 5.78521 
0.749737 0.911096 3.36992 4.07578 4.87595 2.19447 5.22267 8.21971 7.36974 9.70463 7.04734 10.3829 5.43818 
0.531649 0.468351 
175 35 -1 -1 175 0
2 2 13
0.108805 0.891195 
1.87705 1.57207 0.595687 4.32465 0.00307258 -2.08376 -5.42128 2.38482 0.449012 -4.68289 -1.44394 -1.64256 2.36902 
0.110378 0.63414 8.72546 0.155248 0.630736 3.92973 4.29577 3.28723 7.32041 4.54667 9.10335 5.77616 11.1067 
1.2221 5.23439 1.67241 -2.5863 -1.57497 5.53084 -5.30371 -4.28123 -3.75267 7.06548 3.33654 -8.68519 0.54888 
0.132251 0.0738671 1.10597 0.640649 1.39454 3.89373 3.11764 2.35599 1.36109 5.26248 6.43855 4.80606 5.77559 
0.801993 0.198007 
176 35 -1 -1 176 0
2 2 13
0.869265 0.130735 
0.172636 5.61531 0.421578 -2.21684 -0.312144 2.47908 -1.40072 -1.3055 -3.53183 -1.96609 8.4518 -1.80688 1.33346 
0.125555 0.200089 1.51062 1.47246 1.44957 1.90757 1.46476 4.57686 2.60249 8.15441 3.96232 0.98998 1.07746 
1.74672 1.52958 1.29746 3.18592 -0.57966 -1.11223 -5.08917 1.54988 -1.1537 -3.65316 -3.51283 -1.83422 4.69069 
0.255219 0.368202 9.08555 3.22285 0.548475 2.56747 4.09297 1.48451 10.6295 34.704 18.3382 5.51606 4.73076 
0.754881 0.245119 
177 35 -1 35 177 1
2 1 13
0.5 0.5 
0.01 0.01 0.01 0.01 0.01 0.01 0.01 0.01 0.01 0.01 0.01 0.01 0.01 
16 16 16 16 16 16 16 16 16 16 16 16 16 
0.02 0.02 0.02 0.02 0.02 0.02 0.02 0.02 0.02 0.02 0.02 0.02 0.02 
16 16 16 16 16 16 16 16 16 16 16 16 16 
0 
178 36 36 -1 178 1
2 2 13
0.5 0.5 
0.01 0.01 0.01 0.01 0.01 0.01 0.01 0.01 0.01 0.01 0.01 0.01 0.01 
16 16 16 16 16 16 16 16 16 16 16 16 16 
0.02 0.02 0.02 0.02 0.02 0.02 0.02 0.02 0.02 0.02 0.02 0.02 0.02 
16 16 16 16 16 16 16 16 16 16 16 16 16 
0 1 
179 36 -1 -1 179 0
2 2 13
0.522781 0.477219 
4.57318 1.86633 -3.54001 -2.13036 -4.01212 -4.24941 -2.98406 2.77968 4.69486 0.0333208 -0.523922 -0.40186 -1.21516 
0.0743284 0.347757 0.647858 0.400715 0.571018 2.85125 1.4044 1.25229 1.35835 2.68458 1.03212 2.06319 1.55781 
1.43167 3.48999 -2.35998 -0.910147 -0.133228 -0.878953 -2.34878 -0.661719 2.04591 1.41578 1.01579 0.41448 -0.615497 
1.04513 0.426905 4.6336 2.78977 3.41173 3.66938 2.73174 3.82584 14.3679 4.26909 4.99148 4.35852 5.3071 
0.779768 0.220232 
180 36 -1 -1 180 0
2 2 13
0.307265 0.692735 
0.782804 3.82602 -0.860683 -0.564661 1.35314 1.92964 -4.30411 -1.23651 -2.26017 6.25112 0.53451 -2.08176 -2.62608 
1.13381 0.0943311 0.492125 0.191554 16.0631 1.08227 0.403896 8.79822 2.7366 10.8226 24.1666 1.28776 2.64675 
-0.402965 2.70905 2.24499 0.320871 2.45257 2.62313 0.494459 -3.9188 -3.27533 -0.409194 0.96926 -0.0326609 1.63065 
0.383736 0.597218 1.77344 2.28035 3.4433 4.81598 2.58817 2.55021 5.80821 9.11096 5.02682 15.1485 4.54285 
0.729583 0.270417 
181 36 -1 -1 181 0
2 2 13
0.534788 0.465212 
-0.742565 3.85601 0.689417 -0.798534 5.19078 2.56445 -1.90521 -1.04899 -0.0394512 -1.84822 1.12351 -1.81471 0.290343 
0.877917 0.157183 2.48743 1.26845 1.10505 1.91942 0.988918 9.99239 2.03151 4.61454 3.31356 10.396 17.4435 
-0.752272 0.369592 2.00455 2.0335 4.58283 2.06011 0.238236 -2.88681 -0.331536 0.376128 0.550775 -0.448818 -0.193133 
1.21766 1.87303 1.82565 2.2078 2.28557 3.59187 4.59547 4.22695 5.41363 6.47615 5.79369 5.69254 3.64295 
0.829176 0.170824 
182 36 -1 36 182 1
2 1 13
0.5 0.5 
0.01 0.01 0.01 0.01 0.01 0.01 0.01 0.01 0.01 0.01 0.01 0.01 0.01 
16 16 16 16 16 16 16 16 16 16 16 16 16 
0.02 0.02 0.02 0.02 0.02 0.02 0.02 0.02 0.02 0.02 0.02 0.02 0.02 
16 16 16 16 16 16 16 16 16 16 16 16 16 
0 
183 37 37 -1 183 1
2 2 13
0.5 0.5 
0.01 0.01 0.01 0.01 0.01 0.01 0.01 0.01 0.01 0.01 0.01 0.01 0.01 
16 16 16 16 16 16 16 16 16 16 16 16 16 
0.02 0.02 0.02 0.02 0.02 0.02 0.02 0.02 0.02 0.02 0.02 0.02 0.02 
16 16 16 16 16 16 16 16 16 16 16 16 16 
0 1 
184 37 -1 -1 184 0
2 2 13
0.881531 0.118469 
0.854397 4.83098 1.49083 -1.01786 -0.634902 1.68254 0.541575 -0.557917 -2.77549 0.534163 0.630346 -3.72107 0.608481 
2.35415 0.667183 4.03985 4.21688 3.59304 5.46368 24.5573 8.13086 6.74151 16.1668 10.586 17.3986 9.75978 
-2.11344 1.16909 3.4752 3.18663 3.7605 3.96745 1.91737 -2.00985 -2.90094 -3.04009 1.06055 0.259243 0.0939864 
1.40954 2.14474 8.15845 2.12232 4.12564 2.57381 2.77909 6.93 2.36235 10.9635 2.42474 8.42558 1.90173 
0.82956 0.17044 
185 37 -1 -1 185 0
2 2 13
0.517854 0.482146 
0.874003 7.04205 0.348003 -4.55826 -2.47523 1.74557 -3.65842 3.90543 -8.06445 -4.81807 2.78058 1.95298 -1.68571 
0.773454 0.421538 2.65434 3.48099 3.2903 2.27961 5.2269 6.37037 4.56135 7.22518 4.73635 16.3271 4.40951 
1.08476 6.03856 2.60115 -2.4055 -5.57802 1.17285 0.97004 1.08087 -5.31176 -0.181663 2.72052 -3.31322 1.78966 
0.593949 0.585781 3.4041 3.90958 5.32585 7.34646 2.50011 13.6521 27.0894 15.3039 7.0755 4.83786 7.79638 
0.864897 0.135103 
186 37 -1 -1 186 0
2 2 13
0.507145 0.492855 
3.18976 4.483 -3.26555 -6.12996 -7.71246 6.97694 2.3697 -0.841014 2.02664 0.39053 2.19142 0.575075 -4.70916 
0.580962 0.653509 4.26331 0.840795 3.81776 5.03791 2.70342 10.6189 2.21193 8.26611 3.47677 7.89204 17.3507 
2.37005 5.3998 -2.14917 -2.77357 -1.85069 1.7293 -4.46576 0.617055 -4.60821 0.277042 4.36596 -1.23534 -4.82982 
0.521648 0.94034 5.42386 4.55749 12.7926 4.46489 15.8999 13.1744 7.01778 9.97168 8.56711 12.9729 5.07623 
0.781875 0.218125 
187 37 -1 37 187 1
2 1 13
0.5 0.5 
0.01 0.01 0.01 0.01 0.01 0.01 0.01 0.01 0.01 0.01 0.01 0.01 0.01 
16 16 16 16 16 16 16 16 16 16 16 16 16 
0.02 0.02 0.02 0.02 0.02 0.02 0.02 0.02 0.02 0.02 0.02 0.02 0.02 
16 16 16 16 16 16 16 16 16 16 16 16 16 
0 
188 38 38 -1 188 1
2 2 13
0.5 0.5 
0.01 0.01 0.01 0.01 0.01 0.01 0.01 0.01 0.01 0.01 0.01 0.01 0.01 
16 16 16 16 16 16 16 16 16 16 16 16 16 
0.02 0.02 0.02 0.02 0.02 0.02 0.02 0.02 0.02 0.02 0.02 0.02 0.02 
16 16 16 16 16 16 16 16 16 16 16 16 16 
0 1 
189 38 -1 -1 189 0
2 2 13
0.161166 0.838834 
1.33019 1.21927 4.80602 4.89719 -5.27353 0.921208 2.0498 -2.12439 -4.90753 -3.09233 1.99743 -4.58715 0.228864 
0.863738 5.2281 0.839529 15.6086 11.7818 4.06962 12.4618 8.76676 5.1375 6.2375 9.52398 7.34513 5.5142 
2.35627 0.117509 4.9587 7.58273 0.232723 -1.30276 -3.09879 -5.5177 -5.51519 -7.60049 -1.41 -6.82255 -1.18028 
0.131579 0.0900456 0.610688 0.447336 1.16048 0.74458 0.819573 1.15653 0.655858 1.08892 1.65819 0.594164 0.895504 
0.926886 0.073114 
190 38 -1 -1 190 0
2 2 13
0.124815 0.875185 
2.70533 2.68363 0.330034 0.302004 -3.81946 -0.330041 1.7207 0.111729 -0.706051 -6.25009 -1.76248 -3.22703 -4.57743 
0.668198 0.313938 1.35064 4.027 6.36288 1.86279 5.2599 2.93503 6.32554 9.95623 2.85578 8.56819 2.91545 
3.08071 0.204678 1.31108 8.4227 -2.80583 -3.7184 -3.8973 0.370111 -5.55804 -3.4029 -0.120336 -5.75746 -3.22956 
0.313448 0.434391 3.17234 1.24778 1.26005 2.18268 5.0678 6.10952 1.7025 5.12801 2.29822 3.695 2.93925 
0.877966 0.122034 
191 38 -1 -1 191 0
2 2 13
0.749384 0.250616 
3.0969 2.88352 -3.51566 3.1676 -1.20275 -0.142125 -7.63183 -2.11067 -1.64316 -0.57828 0.0671402 -5.06171 -0.387242 
0.140011 0.127793 0.141495 1.36333 0.333156 0.610323 0.59192 3.29867 0.726151 1.04631 1.02739 0.526085 4.37097 
1.23104 2.86533 -1.33759 3.46027 0.0600185 -4.68831 -6.06971 4.25366 0.977493 -2.99392 3.01633 -1.30072 -1.049 
0.910678 1.654 0.985957 4.76383 5.38954 3.15335 2.94413 6.79765 14.0176 8.20104 5.29969 9.78544 2.0304 
0.90053 0.0994702 
192 38 -1 38 192 1
2 1 13
0.5 0.5 
0.01 0.01 0.01 0.01 0.01 0.01 0.01 0.01 0.01 0.01 0.01 0.01 0.01 
16 16 16 16 16 16 16 16 16 16 16 16 16 
0.02 0.02 0.02 0.02 0.02 0.02 0.02 0.02 0.02 0.02 0.02 0.02 0.02 
16 16 16 16 16 16 16 16 16 16 16 16 16 
0 
193 39 39 -1 193 1
2 2 13
0.5 0.5 
0.01 0.01 0.01 0.01 0.01 0.01 0.01 0.01 0.01 0.01 0.01 0.01 0.01 
16 16 16 16 16 16 16 16 16 16 16 16 16 
0.02 0.02 0.02 0.02 0.02 0.02 0.02 0.02 0.02 0.02 0.02 0.02 0.02 
16 16 16 16 16 16 16 16 16 16 16 16 16 
0 1 
194 39 -1 -1 194 0
2 2 13
0.548436 0.451564 
2.33754 2.4057 2.50375 0.0905284 1.37688 -2.73449 -3.32314 -4.46761 -0.0755887 4.07342 -6.299 -1.22145 4.60297 
1.95683 0.431784 3.18261 1.34594 3.66261 4.04876 2.45035 11.7993 6.09769 4.05437 5.13084 7.14416 3.21433 
0.46329 -0.560487 7.36569 0.588612 4.83584 -0.809431 -1.87888 -3.99482 -0.173193 0.707635 -3.07327 -0.980101 4.12349 
1.92966 2.77263 3.63941 3.87141 4.88338 16.7342 5.37101 6.5071 9.19281 7.35949 8.36255 10.0592 5.68253 
0.885225 0.114775 
195 39 -1 -1 195 0
2 2 13
0.613849 0.386151 
-0.961333 -3.96821 6.39236 -0.36254 6.55887 0.730058 2.99023 -0.568545 2.24402 -0.577787 -0.482371 1.5379 1.91457 
1.1813 3.46371 4.92082 4.27554 3.98123 6.33729 3.754 7.55633 4.33963 13.056 8.05305 11.0146 5.79505 
-0.724842 -7.08154 2.35858 -5.01544 3.46036 -2.75201 3.29212 -0.971223 3.73097 -0.257778 1.04946 1.84056 3.09712 
0.542536 1.00164 5.66142 3.19661 4.73566 3.97759 5.02636 3.54173 4.82221 5.96475 6.53588 10.3958 7.52281 
0.859814 0.140186 
196 39 -1 -1 196 0
2 2 13
0.546077 0.453923 
0.337551 -1.16394 7.20447 0.492264 5.30569 -1.89983 -0.715496 -5.62812 -0.180538 -0.515278 -2.50365 0.515519 2.6694 
1.00961 1.81431 2.76349 1.96322 3.55504 2.23714 1.7129 5.30794 2.26753 3.72001 6.32072 5.86692 5.17881 
-2.95545 -5.01596 1.31813 -0.68736 3.70053 4.36723 3.01955 1.73602 -0.517283 0.781852 0.997977 2.19209 3.98281 
2.5232 6.08331 6.51367 6.79826 4.52381 10.5691 6.74721 20.1198 6.75599 12.9386 7.70959 13.1423 9.99065 
0.753079 0.246921 
197 39 -1 39 197 1
2 1 13
0.5 0.5 
0.01 0.01 0.01 0.01 0.01 0.01 0.01 0.01 0.01 0.01 0.01 0.01 0.01 
16 16 16 16 16 16 16 16 16 16 16 16 16 
0.02 0.02 0.02 0.02 0.02 0.02 0.02 0.02 0.02 0.02 0.02 0.02 0.02 
16 16 16 16 16 16 16 16 16 16 16 16 16 
0 
40 40
0.005 0.005 0.005 0.005 0.005 0.005 0.005 0.005 0.005 0.005 0.005 0.005 0.005 0.005 0.005 0.005 0.005 0.005 0.005 0.005 0.005 0.005 0.005 0.005 0.005 0.005 0.005 0.005 0.005 0.005 0.005 0.005 0.005 0.005 0.005 0.005 0.005 0.005 0.005 0.005 
0.005 0.005 0.005 0.005 0.005 0.005 0.005 0.005 0.005 0.005 0.005 0.005 0.005 0.005 0.005 0.005 0.005 0.005 0.005 0.005 0.005 0.005 0.005 0.005 0.005 0.005 0.005 0.005 0.005 0.005 0.005 0.005 0.005 0.005 0.005 0.005 0.005 0.005 0.005 0.005 
0.005 0.005 0.005 0.005 0.005 0.005 0.005 0.005 0.005 0.005 0.005 0.005 0.005 0.005 0.005 0.005 0.005 0.005 0.005 0.005 0.005 0.005 0.005 0.005 0.005 0.005 0.005 0.005 0.005 0.005 0.005 0.005 0.005 0.005 0.005 0.005 0.005 0.005 0.005 0.005 
0.005 0.005 0.005 0.005 0.005 0.005 0.005 0.005 0.005 0.005 0.005 0.005 0.005 0.005 0.005 0.005 0.005 0.005 0.005 0.005 0.005 0.005 0.005 0.005 0.005 0.005 0.005 0.005 0.005 0.005 0.005 0.005 0.005 0.005 0.005 0.005 0.005 0.005 0.005 0.005 
0.005 0.005 0.005 0.005 0.005 0.005 0.005 0.005 0.005 0.005 0.005 0.005 0.005 0.005 0.005 0.005 0.005 0.005 0.005 0.005 0.005 0.005 0.005 0.005 0.005 0.005 0.005 0.005 0.005 0.005 0.005 0.005 0.005 0.005 0.005 0.005 0.005 0.005 0.005 0.005 
0.005 0.005 0.005 0.005 0.005 0.005 0.005 0.005 0.005 0.005 0.005 0.005 0.005 0.005 0.005 0.005 0.005 0.005 0.005 0.005 0.005 0.005 0.005 0.005 0.005 0.005 0.005 0.005 0.005 0.005 0.005 0.005 0.005 0.005 0.005 0.005 0.005 0.005 0.005 0.005 
0.005 0.005 0.005 0.005 0.005 0.005 0.005 0.005 0.005 0.005 0.005 0.005 0.005 0.005 0.005 0.005 0.005 0.005 0.005 0.005 0.005 0.005 0.005 0.005 0.005 0.005 0.005 0.005 0.005 0.005 0.005 0.005 0.005 0.005 0.005 0.005 0.005 0.005 0.005 0.005 
0.005 0.005 0.005 0.005 0.005 0.005 0.005 0.005 0.005 0.005 0.005 0.005 0.005 0.005 0.005 0.005 0.005 0.005 0.005 0.005 0.005 0.005 0.005 0.005 0.005 0.005 0.005 0.005 0.005 0.005 0.005 0.005 0.005 0.005 0.005 0.005 0.005 0.005 0.005 0.005 
0.005 0.005 0.005 0.005 0.005 0.005 0.005 0.005 0.005 0.005 0.005 0.005 0.005 0.005 0.005 0.005 0.005 0.005 0.005 0.005 0.005 0.005 0.005 0.005 0.005 0.005 0.005 0.005 0.005 0.005 0.005 0.005 0.005 0.005 0.005 0.005 0.005 0.005 0.005 0.005 
0.005 0.005 0.005 0.005 0.005 0.005 0.005 0.005 0.005 0.005 0.005 0.005 0.005 0.005 0.005 0.005 0.005 0.005 0.005 0.005 0.005 0.005 0.005 0.005 0.005 0.005 0.005 0.005 0.005 0.005 0.005 0.005 0.005 0.005 0.005 0.005 0.005 0.005 0.005 0.005 
0.005 0.005 0.005 0.005 0.005 0.005 0.005 0.005 0.005 0.005 0.005 0.005 0.005 0.005 0.005 0.005 0.005 0.005 0.005 0.005 0.005 0.005 0.005 0.005 0.005 0.005 0.005 0.005 0.005 0.005 0.005 0.005 0.005 0.005 0.005 0.005 0.005 0.005 0.005 0.005 
0.005 0.005 0.005 0.005 0.005 0.005 0.005 0.005 0.005 0.005 0.005 0.005 0.005 0.005 0.005 0.005 0.005 0.005 0.005 0.005 0.005 0.005 0.005 0.005 0.005 0.005 0.005 0.005 0.005 0.005 0.005 0.005 0.005 0.005 0.005 0.005 0.005 0.005 0.005 0.005 
0.005 0.005 0.005 0.005 0.005 0.005 0.005 0.005 0.005 0.005 0.005 0.005 0.005 0.005 0.005 0.005 0.005 0.005 0.005 0.005 0.005 0.005 0.005 0.005 0.005 0.005 0.005 0.005 0.005 0.005 0.005 0.005 0.005 0.005 0.005 0.005 0.005 0.005 0.005 0.005 
0.005 0.005 0.005 0.005 0.005 0.005 0.005 0.005 0.005 0.005 0.005 0.005 0.005 0.005 0.005 0.005 0.005 0.005 0.005 0.005 0.005 0.005 0.005 0.005 0.005 0.005 0.005 0.005 0.005 0.005 0.005 0.005 0.005 0.005 0.005 0.005 0.005 0.005 0.005 0.005 
0.005 0.005 0.005 0.005 0.005 0.005 0.005 0.005 0.005 0.005 0.005 0.005 0.005 0.005 0.005 0.005 0.005 0.005 0.005 0.005 0.005 0.005 0.005 0.005 0.005 0.005 0.005 0.005 0.005 0.005 0.005 0.005 0.005 0.005 0.005 0.005 0.005 0.005 0.005 0.005 
0.005 0.005 0.005 0.005 0.005 0.005 0.005 0.005 0.005 0.005 0.005 0.005 0.005 0.005 0.005 0.005 0.005 0.005 0.005 0.005 0.005 0.005 0.005 0.005 0.005 0.005 0.005 0.005 0.005 0.005 0.005 0.005 0.005 0.005 0.005 0.005 0.005 0.005 0.005 0.005 
0.005 0.005 0.005 0.005 0.005 0.005 0.005 0.005 0.005 0.005 0.005 0.005 0.005 0.005 0.005 0.005 0.005 0.005 0.005 0.005 0.005 0.005 0.005 0.005 0.005 0.005 0.005 0.005 0.005 0.005 0.005 0.005 0.005 0.005 0.005 0.005 0.005 0.005 0.005 0.005 
0.005 0.005 0.005 0.005 0.005 0.005 0.005 0.005 0.005 0.005 0.005 0.005 0.005 0.005 0.005 0.005 0.005 0.005 0.005 0.005 0.005 0.005 0.005 0.005 0.005 0.005 0.005 0.005 0.005 0.005 0.005 0.005 0.005 0.005 0.005 0.005 0.005 0.005 0.005 0.005 
0.005 0.005 0.005 0.005 0.005 0.005 0.005 0.005 0.005 0.005 0.005 0.005 0.005 0.005 0.005 0.005 0.005 0.005 0.005 0.005 0.005 0.005 0.005 0.005 0.005 0.005 0.005 0.005 0.005 0.005 0.005 0.005 0.005 0.005 0.005 0.005 0.005 0.005 0.005 0.005 
0.005 0.005 0.005 0.005 0.005 0.005 0.005 0.005 0.005 0.005 0.005 0.005 0.005 0.005 0.005 0.005 0.005 0.005 0.005 0.005 0.005 0.005 0.005 0.005 0.005 0.005 0.005 0.005 0.005 0.005 0.005 0.005 0.005 0.005 0.005 0.005 0.005 0.005 0.005 0.005 
0.005 0.005 0.005 0.005 0.005 0.005 0.005 0.005 0.005 0.005 0.005 0.005 0.005 0.005 0.005 0.005 0.005 0.005 0.005 0.005 0.005 0.005 0.005 0.005 0.005 0.005 0.005 0.005 0.005 0.005 0.005 0.005 0.005 0.005 0.005 0.005 0.005 0.005 0.005 0.005 
0.005 0.005 0.005 0.005 0.005 0.005 0.005 0.005 0.005 0.005 0.005 0.005 0.005 0.005 0.005 0.005 0.005 0.005 0.005 0.005 0.005 0.005 0.005 0.005 0.005 0.005 0.005 0.005 0.005 0.005 0.005 0.005 0.005 0.005 0.005 0.005 0.005 0.005 0.005 0.005 
0.005 0.005 0.005 0.005 0.005 0.005 0.005 0.005 0.005 0.005 0.005 0.005 0.005 0.005 0.005 0.005 0.005 0.005 0.005 0.005 0.005 0.005 0.005 0.005 0.005 0.005 0.005 0.005 0.005 0.005 0.005 0.005 0.005 0.005 0.005 0.005 0.005 0.005 0.005 0.005 
0.005 0.005 0.005 0.005 0.005 0.005 0.005 0.005 0.005 0.005 0.005 0.005 0.005 0.005 0.005 0.005 0.005 0.005 0.005 0.005 0.005 0.005 0.005 0.005 0.005 0.005 0.005 0.005 0.005 0.005 0.005 0.005 0.005 0.005 0.005 0.005 0.005 0.005 0.005 0.005 
0.005 0.005 0.005 0.005 0.005 0.005 0.005 0.005 0.005 0.005 0.005 0.005 0.005 0.005 0.005 0.005 0.005 0.005 0.005 0.005 0.005 0.005 0.005 0.005 0.005 0.005 0.005 0.005 0.005 0.005 0.005 0.005 0.005 0.005 0.005 0.005 0.005 0.005 0.005 0.005 
0.005 0.005 0.005 0.005 0.005 0.005 0.005 0.005 0.005 0.005 0.005 0.005 0.005 0.005 0.005 0.005 0.005 0.005 0.005 0.005 0.005 0.005 0.005 0.005 0.005 0.005 0.005 0.005 0.005 0.005 0.005 0.005 0.005 0.005 0.005 0.005 0.005 0.005 0.005 0.005 
0.005 0.005 0.005 0.005 0.005 0.005 0.005 0.005 0.005 0.005 0.005 0.005 0.005 0.005 0.005 0.005 0.005 0.005 0.005 0.005 0.005 0.005 0.005 0.005 0.005 0.005 0.005 0.005 0.005 0.005 0.005 0.005 0.005 0.005 0.005 0.005 0.005 0.005 0.005 0.005 
0.005 0.005 0.005 0.005 0.005 0.005 0.005 0.005 0.005 0.005 0.005 0.005 0.005 0.005 0.005 0.005 0.005 0.005 0.005 0.005 0.005 0.005 0.005 0.005 0.005 0.005 0.005 0.005 0.005 0.005 0.005 0.005 0.005 0.005 0.005 0.005 0.005 0.005 0.005 0.005 
0.005 0.005 0.005 0.005 0.005 0.005 0.005 0.005 0.005 0.005 0.005 0.005 0.005 0.005 0.005 0.005 0.005 0.005 0.005 0.005 0.005 0.005 0.005 0.005 0.005 0.005 0.005 0.005 0.005 0.005 0.005 0.005 0.005 0.005 0.005 0.005 0.005 0.005 0.005 0.005 
0.005 0.005 0.005 0.005 0.005 0.005 0.005 0.005 0.005 0.005 0.005 0.005 0.005 0.005 0.005 0.005 0.005 0.005 0.005 0.005 0.005 0.005 0.005 0.005 0.005 0.005 0.005 0.005 0.005 0.005 0.005 0.005 0.005 0.005 0.005 0.005 0.005 0.005 0.005 0.005 
0.005 0.005 0.005 0.005 0.005 0.005 0.005 0.005 0.005 0.005 0.005 0.005 0.005 0.005 0.005 0.005 0.005 0.005 0.005 0.005 0.005 0.005 0.005 0.005 0.005 0.005 0.005 0.005 0.005 0.005 0.005 0.005 0.005 0.005 0.005 0.005 0.005 0.005 0.005 0.005 
0.005 0.005 0.005 0.005 0.005 0.005 0.005 0.005 0.005 0.005 0.005 0.005 0.005 0.005 0.005 0.005 0.005 0.005 0.005 0.005 0.005 0.005 0.005 0.005 0.005 0.005 0.005 0.005 0.005 0.005 0.005 0.005 0.005 0.005 0.005 0.005 0.005 0.005 0.005 0.005 
0.005 0.005 0.005 0.005 0.005 0.005 0.005 0.005 0.005 0.005 0.005 0.005 0.005 0.005 0.005 0.005 0.005 0.005 0.005 0.005 0.005 0.005 0.005 0.005 0.005 0.005 0.005 0.005 0.005 0.005 0.005 0.005 0.005 0.005 0.005 0.005 0.005 0.005 0.005 0.005 
0.005 0.005 0.005 0.005 0.005 0.005 0.005 0.005 0.005 0.005 0.005 0.005 0.005 0.005 0.005 0.005 0.005 0.005 0.005 0.005 0.005 0.005 0.005 0.005 0.005 0.005 0.005 0.005 0.005 0.005 0.005 0.005 0.005 0.005 0.005 0.005 0.005 0.005 0.005 0.005 
0.005 0.005 0.005 0.005 0.005 0.005 0.005 0.005 0.005 0.005 0.005 0.005 0.005 0.005 0.005 0.005 0.005 0.005 0.005 0.005 0.005 0.005 0.005 0.005 0.005 0.005 0.005 0.005 0.005 0.005 0.005 0.005 0.005 0.005 0.005 0.005 0.005 0.005 0.005 0.005 
0.005 0.005 0.005 0.005 0.005 0.005 0.005 0.005 0.005 0.005 0.005 0.005 0.005 0.005 0.005 0.005 0.005 0.005 0.005 0.005 0.005 0.005 0.005 0.005 0.005 0.005 0.005 0.005 0.005 0.005 0.005 0.005 0.005 0.005 0.005 0.005 0.005 0.005 0.005 0.005 
0.005 0.005 0.005 0.005 0.005 0.005 0.005 0.005 0.005 0.005 0.005 0.005 0.005 0.005 0.005 0.005 0.005 0.005 0.005 0.005 0.005 0.005 0.005 0.005 0.005 0.005 0.005 0.005 0.005 0.005 0.005 0.005 0.005 0.005 0.005 0.005 0.005 0.005 0.005 0.005 
0.005 0.005 0.005 0.005 0.005 0.005 0.005 0.005 0.005 0.005 0.005 0.005 0.005 0.005 0.005 0.005 0.005 0.005 0.005 0.005 0.005 0.005 0.005 0.005 0.005 0.005 0.005 0.005 0.005 0.005 0.005 0.005 0.005 0.005 0.005 0.005 0.005 0.005 0.005 0.005 
0.005 0.005 0.005 0.005 0.005 0.005 0.005 0.005 0.005 0.005 0.005 0.005 0.005 0.005 0.005 0.005 0.005 0.005 0.005 0.005 0.005 0.005 0.005 0.005 0.005 0.005 0.005 0.005 0.005 0.005 0.005 0.005 0.005 0.005 0.005 0.005 0.005 0.005 0.005 0.005 
0.005 0.005 0.005 0.005 0.005 0.005 0.005 0.005 0.005 0.005 0.005 0.005 0.005 0.005 0.005 0.005 0.005 0.005 0.005 0.005 0.005 0.005 0.005 0.005 0.005 0.005 0.005 0.005 0.005 0.005 0.005 0.005 0.005 0.005 0.005 0.005 0.005 0.005 0.005 0.005 
