[SampleRate = 16000]
[ElementNum = 29]
1	SIL
[start = 0]
[end = 1475]

2	fan3
[start = 1475]
[end = 5488]
[peaknum = 37]
[2707 2772 2837 2904 2972 3042 3113 3186 3259 3334 3409 3485 3561 3638 3715 3792 3869 3947 4026 4105 4185 4265 4346 4428 4508 4588 4667 4745 4822 4899 4975 5051 5127 5202 5278 5352 5424 ]

3	SIL
[start = 5488]
[end = 5681]

4	zheng4
[start = 5681]
[end = 10075]
[peaknum = 70]
[6251 6304 6357 6410 6462 6514 6566 6617 6669 6720 6771 6822 6872 6922 6973 7023 7073 7123 7173 7223 7273 7323 7374 7424 7475 7526 7576 7628 7679 7731 7783 7835 7888 7941 7995 8049 8104 8159 8214 8271 8327 8384 8442 8500 8558 8617 8676 8735 8795 8855 8914 8974 9034 9094 9153 9213 9273 9333 9394 9453 9513 9573 9633 9692 9752 9811 9871 9931 9992 10053 ]

5	yi4
[start = 10075]
[end = 12974]
[peaknum = 42]
[10898 10944 10991 11038 11086 11133 11181 11228 11275 11321 11368 11414 11460 11506 11552 11598 11645 11691 11737 11784 11831 11878 11926 11974 12022 12072 12122 12172 12223 12274 12326 12378 12432 12486 12541 12597 12654 12712 12771 12830 12891 12953 ]

6	nian2
[start = 12974]
[end = 17150]
[peaknum = 53]
[13017 13081 13146 13212 13279 13347 13415 13485 13556 13629 13702 13777 13853 13930 14009 14090 14174 14258 14345 14432 14520 14608 14698 14788 14878 14970 15062 15155 15248 15342 15435 15527 15618 15707 15795 15882 15967 16048 16125 16202 16276 16350 16421 16492 16562 16631 16699 16768 16842 16918 16995 17070 17146 ]

7	dao4
[start = 17150]
[end = 20048]
[peaknum = 42]
[17463 17514 17565 17616 17668 17720 17771 17823 17875 17927 17979 18031 18083 18135 18188 18241 18295 18349 18403 18459 18515 18571 18629 18687 18747 18808 18870 18933 18998 19064 19131 19200 19271 19343 19417 19493 19569 19648 19727 19807 19890 19975 ]

8	SIL
[start = 20048]
[end = 20656]

9	tou2
[start = 20656]
[end = 27170]
[peaknum = 46]
[22635 22729 22825 22922 23020 23120 23220 23320 23421 23522 23623 23723 23823 23922 24022 24121 24220 24319 24418 24519 24620 24720 24820 24919 25017 25114 25211 25306 25401 25495 25588 25681 25772 25863 25952 26041 26127 26211 26293 26373 26451 26528 26604 26680 26760 26841 ]

10	SIL
[start = 27170]
[end = 27632]

11	you2
[start = 27632]
[end = 32098]
[peaknum = 52]
[28152 28234 28314 28393 28470 28546 28621 28696 28769 28843 28917 28993 29070 29147 29225 29304 29386 29469 29553 29637 29721 29806 29890 29975 30061 30147 30232 30317 30402 30486 30570 30653 30735 30815 30895 30972 31049 31124 31198 31271 31343 31415 31485 31555 31624 31692 31760 31828 31895 31961 32028 32094 ]

12	nai3
[start = 32098]
[end = 36827]
[peaknum = 55]
[32161 32229 32298 32365 32431 32498 32563 32629 32694 32759 32824 32889 32954 33018 33083 33148 33213 33278 33344 33410 33477 33545 33614 33684 33754 33824 33895 33967 34041 34115 34191 34269 34348 34430 34515 34603 34694 34788 34885 34986 35094 35206 35323 35440 35558 35676 35796 35917 36037 36157 36277 36396 36514 36631 36748 ]

13	ma1
[start = 36827]
[end = 42360]
[peaknum = 77]
[36867 36983 37092 37197 37299 37398 37493 37585 37673 37759 37842 37923 38003 38081 38157 38231 38305 38379 38452 38525 38597 38668 38738 38808 38878 38946 39015 39083 39151 39219 39287 39355 39423 39491 39558 39626 39695 39763 39831 39899 39967 40035 40103 40171 40239 40307 40375 40443 40511 40578 40646 40713 40779 40845 40911 40977 41042 41107 41171 41236 41300 41364 41428 41492 41555 41619 41682 41745 41808 41870 41932 41995 42057 42120 42183 42247 42311 ]

14	he2
[start = 42360]
[end = 46504]
[peaknum = 26]
[44330 44404 44482 44561 44644 44729 44815 44902 44989 45077 45165 45254 45342 45431 45519 45608 45696 45783 45870 45956 46041 46125 46209 46292 46375 46456 ]

15	mei2
[start = 46504]
[end = 50790]
[peaknum = 50]
[46537 46617 46697 46776 46853 46931 47008 47085 47163 47240 47318 47396 47474 47553 47632 47712 47793 47875 47958 48043 48129 48218 48310 48404 48499 48596 48694 48794 48895 48998 49102 49207 49311 49413 49515 49615 49712 49806 49898 49986 50072 50157 50241 50323 50404 50483 50561 50638 50713 50787 ]

16	xiang1
[start = 50790]
[end = 55333]
[peaknum = 59]
[52474 52522 52569 52617 52665 52714 52763 52812 52861 52911 52961 53010 53060 53110 53160 53209 53259 53308 53358 53407 53456 53506 53555 53604 53653 53703 53752 53801 53850 53899 53948 53997 54046 54095 54144 54193 54242 54291 54340 54389 54437 54486 54535 54583 54632 54681 54730 54778 54827 54876 54925 54974 55023 55073 55122 55172 55222 55271 55321 ]

17	ya1
[start = 55333]
[end = 59041]
[peaknum = 58]
[55372 55422 55472 55523 55574 55626 55677 55729 55781 55833 55885 55936 55988 56041 56093 56145 56198 56251 56304 56357 56411 56465 56520 56575 56630 56686 56743 56799 56856 56914 56971 57029 57086 57144 57201 57259 57316 57373 57430 57486 57543 57600 57657 57714 57770 57827 57884 57941 57998 58054 58111 58168 58225 58283 58342 58402 58463 58525 ]

18	tou5
[start = 59041]
[end = 63296]
[peaknum = 17]
[60365 60436 60507 60581 60658 60739 60825 60917 61014 61114 61222 61333 61447 61564 61673 61773 61868 ]

19	SIL
[start = 63296]
[end = 63936]

20	SIL
[start = 63936]
[end = 68022]

21	pei2
[start = 68022]
[end = 70711]
[peaknum = 24]
[68790 68862 68935 69009 69086 69166 69248 69333 69419 69506 69594 69682 69770 69857 69943 70027 70109 70187 70265 70342 70419 70496 70577 70664 ]

22	ta1
[start = 70711]
[end = 74496]
[peaknum = 29]
[72498 72561 72624 72688 72752 72817 72882 72947 73012 73078 73144 73210 73277 73343 73410 73477 73544 73611 73678 73746 73813 73881 73948 74015 74082 74148 74216 74285 74355 ]

23	zai4
[start = 74496]
[end = 79339]
[peaknum = 39]
[75712 75785 75860 75936 76014 76093 76173 76254 76337 76421 76505 76591 76679 76768 76858 76949 77041 77134 77228 77323 77419 77516 77614 77712 77810 77909 78008 78106 78203 78299 78395 78489 78583 78675 78766 78857 78946 79033 79120 ]

24	hua1
[start = 79339]
[end = 83504]
[peaknum = 47]
[81141 81190 81240 81291 81343 81395 81447 81499 81551 81603 81655 81707 81758 81810 81862 81914 81965 82017 82068 82120 82171 82222 82274 82325 82375 82426 82477 82527 82577 82627 82677 82727 82777 82826 82875 82925 82974 83023 83072 83122 83171 83220 83270 83320 83370 83422 83473 ]

25	lou2
[start = 83504]
[end = 86842]
[peaknum = 42]
[83526 83580 83634 83688 83742 83796 83851 83905 83961 84017 84074 84133 84192 84252 84312 84374 84436 84500 84567 84635 84707 84782 84862 84948 85039 85135 85238 85345 85457 85571 85686 85799 85909 86017 86122 86225 86324 86420 86513 86602 86689 86775 ]

26	shang4
[start = 86842]
[end = 91609]
[peaknum = 34]
[88348 88409 88470 88534 88599 88666 88734 88805 88878 88954 89032 89113 89197 89284 89373 89464 89558 89656 89756 89860 89967 90077 90190 90306 90424 90542 90662 90783 90902 91019 91132 91243 91352 91457 ]

27	xi1
[start = 91609]
[end = 96243]
[peaknum = 32]
[94423 94481 94539 94597 94657 94716 94775 94833 94892 94950 95008 95065 95123 95180 95237 95294 95351 95408 95465 95521 95578 95634 95691 95747 95804 95860 95916 95973 96029 96086 96142 96198 ]

28	xi4
[start = 96243]
[end = 102154]
[peaknum = 30]
[98579 98631 98684 98738 98793 98849 98906 98964 99023 99084 99146 99209 99274 99340 99408 99477 99548 99620 99695 99773 99853 99937 100024 100117 100216 100322 100440 100562 100699 100824 ]

29	SIL
[start = 102154]
[end = 103967]

