[SampleRate = 16000]
[ElementNum = 28]
1	SIL
[start = 0]
[end = 1744]

2	fa3
[start = 1744]
[end = 6636]
[peaknum = 33]
[3517 3580 3645 3711 3779 3848 3920 3993 4068 4145 4223 4303 4385 4469 4554 4642 4731 4822 4916 5011 5109 5210 5313 5419 5524 5630 5735 5837 5938 6036 6133 6227 6319 ]

3	SIL
[start = 6636]
[end = 6960]

4	guo2
[start = 6960]
[end = 9792]
[peaknum = 32]
[7322 7399 7477 7558 7641 7727 7814 7901 7989 8076 8163 8249 8334 8417 8500 8582 8663 8741 8818 8893 8967 9039 9109 9178 9247 9313 9380 9447 9515 9585 9655 9726 ]

5	ren2
[start = 9792]
[end = 12096]
[peaknum = 32]
[9798 9869 9940 10011 10081 10151 10221 10291 10361 10431 10502 10572 10644 10717 10792 10868 10944 11021 11098 11174 11251 11327 11403 11478 11553 11628 11702 11776 11850 11924 11997 12070 ]

6	min2
[start = 12096]
[end = 17279]
[peaknum = 62]
[12142 12214 12286 12358 12429 12501 12572 12644 12715 12787 12859 12932 13004 13077 13150 13223 13297 13371 13446 13522 13600 13678 13759 13841 13925 14011 14098 14187 14277 14368 14461 14554 14648 14742 14837 14932 15027 15122 15218 15313 15409 15504 15599 15695 15792 15888 15984 16080 16174 16268 16360 16451 16539 16626 16711 16793 16874 16954 17034 17113 17191 17271 ]

7	shen1
[start = 17279]
[end = 21369]
[peaknum = 42]
[19342 19389 19435 19481 19528 19576 19623 19671 19719 19767 19815 19863 19911 19959 20007 20055 20103 20151 20200 20248 20296 20345 20393 20442 20491 20539 20588 20636 20684 20733 20781 20829 20878 20926 20975 21024 21073 21122 21172 21222 21272 21323 ]

8	shen1
[start = 21369]
[end = 25160]
[peaknum = 51]
[22716 22761 22807 22853 22899 22946 22993 23040 23088 23135 23182 23229 23277 23324 23371 23419 23466 23514 23562 23609 23657 23705 23753 23801 23849 23897 23946 23995 24044 24093 24142 24192 24242 24291 24341 24391 24440 24490 24540 24590 24641 24692 24742 24794 24845 24896 24948 25000 25052 25105 25158 ]

9	ming2
[start = 25160]
[end = 29721]
[peaknum = 56]
[25212 25267 25322 25378 25434 25492 25552 25612 25673 25735 25799 25864 25929 25996 26064 26134 26205 26279 26354 26432 26513 26597 26683 26772 26864 26959 27056 27158 27261 27365 27471 27578 27686 27795 27902 28007 28111 28212 28311 28406 28499 28589 28676 28761 28844 28925 29005 29082 29159 29234 29308 29382 29455 29529 29602 29675 ]

10	ji4
[start = 29721]
[end = 32291]
[peaknum = 21]
[30689 30752 30815 30879 30944 31011 31078 31146 31216 31288 31361 31436 31513 31592 31671 31752 31834 31917 32004 32096 32188 ]

11	SIL
[start = 32291]
[end = 32522]

12	zhe5
[start = 32522]
[end = 36737]
[peaknum = 42]
[32948 33026 33107 33190 33275 33360 33446 33534 33623 33714 33806 33899 33992 34086 34180 34274 34369 34464 34560 34656 34752 34848 34944 35041 35137 35233 35329 35425 35520 35614 35708 35802 35895 35990 36086 36183 36277 36368 36456 36542 36629 36717 ]

13	jiang1
[start = 36737]
[end = 40817]
[peaknum = 55]
[37738 37794 37849 37904 37960 38016 38072 38128 38184 38240 38295 38351 38406 38461 38516 38570 38625 38679 38734 38788 38843 38897 38952 39007 39062 39116 39171 39226 39281 39336 39391 39446 39501 39556 39612 39667 39723 39779 39834 39889 39944 39999 40054 40109 40164 40219 40274 40328 40383 40438 40493 40548 40604 40660 40717 ]

14	jun1
[start = 40817]
[end = 46639]
[peaknum = 74]
[42214 42268 42322 42377 42432 42488 42543 42599 42654 42709 42764 42819 42873 42926 42979 43032 43085 43138 43191 43243 43296 43349 43402 43455 43507 43560 43613 43666 43719 43771 43824 43877 43930 43983 44036 44089 44143 44196 44250 44304 44357 44411 44465 44518 44572 44626 44680 44733 44787 44841 44895 44948 45002 45056 45110 45163 45217 45271 45324 45378 45432 45485 45539 45592 45646 45699 45752 45805 45859 45913 45969 46025 46082 46141 ]

15	dui4
[start = 46639]
[end = 50700]
[peaknum = 58]
[46880 46928 46976 47026 47077 47129 47181 47234 47287 47340 47394 47448 47503 47558 47614 47670 47727 47784 47843 47902 47962 48023 48085 48149 48213 48278 48343 48410 48478 48546 48615 48685 48755 48827 48899 48971 49045 49118 49193 49268 49343 49419 49496 49572 49649 49726 49803 49880 49957 50033 50109 50185 50261 50337 50413 50489 50566 50645 ]

16	fa3
[start = 50700]
[end = 54896]
[peaknum = 22]
[52653 52730 52808 52888 52970 53055 53143 53233 53326 53425 53531 53639 53750 53866 53983 54100 54217 54336 54456 54577 54698 54818 ]

17	lan2
[start = 54896]
[end = 57994]
[peaknum = 31]
[54938 55057 55174 55291 55406 55519 55631 55743 55855 55966 56078 56188 56297 56404 56510 56613 56715 56816 56914 57011 57105 57197 57286 57372 57456 57538 57619 57698 57778 57856 57935 ]

18	xi1
[start = 57994]
[end = 61248]
[peaknum = 25]
[59963 60016 60068 60121 60174 60228 60282 60335 60388 60441 60494 60547 60599 60650 60701 60752 60803 60854 60905 60956 61007 61059 61112 61165 61219 ]

19	min2
[start = 61248]
[end = 65433]
[peaknum = 56]
[61273 61327 61381 61436 61491 61546 61601 61657 61713 61770 61827 61885 61943 62003 62063 62124 62187 62251 62316 62382 62450 62518 62588 62659 62732 62806 62882 62961 63041 63124 63210 63298 63388 63480 63574 63669 63766 63865 63964 64064 64162 64258 64350 64441 64528 64614 64697 64779 64860 64939 65017 65094 65169 65245 65321 65394 ]

20	zu2
[start = 65433]
[end = 68743]
[peaknum = 23]
[66521 66595 66670 66748 66830 66917 67007 67100 67196 67294 67393 67490 67587 67683 67778 67872 67967 68063 68157 68253 68352 68452 68550 ]

21	de5
[start = 68743]
[end = 71536]
[peaknum = 26]
[69098 69185 69271 69358 69445 69534 69624 69714 69806 69898 69992 70088 70186 70286 70387 70490 70593 70697 70801 70903 71003 71100 71194 71287 71377 71466 ]

22	SIL
[start = 71536]
[end = 71791]

23	feng1
[start = 71791]
[end = 76432]
[peaknum = 51]
[73601 73653 73703 73754 73806 73857 73908 73959 74010 74061 74112 74164 74216 74268 74320 74372 74425 74477 74530 74583 74636 74689 74742 74795 74849 74902 74955 75009 75062 75116 75169 75223 75276 75329 75383 75436 75489 75542 75595 75648 75701 75753 75806 75859 75911 75964 76017 76070 76124 76178 76232 ]

24	gong1
[start = 76432]
[end = 80628]
[peaknum = 70]
[76939 76986 77034 77082 77130 77179 77229 77279 77329 77379 77430 77480 77531 77582 77633 77683 77734 77785 77837 77888 77939 77991 78042 78094 78146 78198 78250 78303 78355 78407 78459 78511 78563 78616 78668 78720 78773 78825 78877 78930 78982 79034 79086 79139 79191 79243 79296 79348 79401 79454 79507 79560 79613 79666 79720 79774 79828 79882 79937 79992 80048 80104 80160 80217 80275 80334 80395 80456 80520 80584 ]

25	wei3
[start = 80628]
[end = 83728]
[peaknum = 23]
[80649 80716 80781 80846 80912 80979 81049 81121 81196 81274 81355 81439 81525 81614 81708 81808 81913 82025 82139 82257 82378 82501 82626 ]

26	SIL
[start = 83728]
[end = 84976]

27	ji4
[start = 84976]
[end = 89472]
[peaknum = 27]
[86036 86106 86175 86244 86312 86381 86449 86517 86586 86656 86727 86799 86872 86947 87024 87102 87182 87264 87348 87435 87526 87621 87719 87821 87928 88039 88156 ]

28	SIL
[start = 89472]
[end = 91750]

