[SampleRate = 16000]
[ElementNum = 33]
1	SIL
[start = 0]
[end = 1904]

2	jiang1
[start = 1904]
[end = 6363]
[peaknum = 76]
[2918 2962 3006 3050 3094 3138 3183 3227 3272 3317 3363 3408 3453 3499 3544 3589 3635 3681 3726 3772 3818 3863 3909 3955 4001 4047 4093 4139 4185 4231 4277 4323 4369 4415 4462 4508 4554 4600 4646 4692 4738 4783 4829 4875 4921 4966 5012 5057 5102 5148 5193 5238 5283 5328 5374 5419 5464 5509 5554 5599 5644 5688 5733 5777 5821 5865 5910 5954 5999 6044 6089 6135 6181 6227 6274 6322 ]

3	hai2
[start = 6363]
[end = 9935]
[peaknum = 28]
[7838 7901 7965 8029 8093 8159 8228 8299 8375 8454 8537 8622 8710 8798 8886 8974 9061 9147 9231 9315 9396 9475 9551 9625 9699 9772 9844 9917 ]

4	shi5
[start = 9935]
[end = 13262]
[peaknum = 18]
[11871 11937 12003 12071 12141 12214 12288 12364 12443 12523 12605 12687 12771 12856 12943 13030 13121 13214 ]

5	lao3
[start = 13262]
[end = 17440]
[peaknum = 36]
[13308 13402 13495 13585 13674 13761 13847 13931 14014 14096 14179 14261 14345 14429 14516 14604 14695 14788 14884 14983 15087 15195 15308 15424 15544 15668 15793 15923 16053 16185 16319 16476 16616 16730 16849 16967 ]

6	SIL
[start = 17440]
[end = 17984]

7	de5
[start = 17984]
[end = 19658]
[peaknum = 16]
[18235 18325 18418 18515 18613 18711 18809 18907 19003 19098 19192 19284 19372 19457 19539 19618 ]

8	la4
[start = 19658]
[end = 24016]
[peaknum = 47]
[19693 19767 19837 19906 19972 20037 20100 20162 20223 20283 20342 20400 20458 20516 20575 20633 20692 20751 20810 20870 20930 20991 21053 21115 21178 21242 21307 21373 21440 21508 21577 21648 21720 21795 21873 21953 22037 22123 22214 22309 22410 22516 22625 22738 22857 22979 23105 ]

9	SIL
[start = 24016]
[end = 27408]

10	yi2
[start = 27408]
[end = 29007]
[peaknum = 20]
[27590 27666 27745 27824 27901 27978 28054 28129 28203 28276 28348 28418 28487 28554 28621 28686 28750 28814 28879 28944 ]

11	wei4
[start = 29007]
[end = 33820]
[peaknum = 69]
[29009 29074 29137 29198 29259 29319 29377 29435 29493 29550 29606 29662 29718 29774 29830 29887 29943 30000 30058 30115 30173 30232 30290 30349 30408 30468 30528 30588 30648 30710 30771 30834 30897 30960 31025 31089 31155 31220 31287 31354 31421 31489 31557 31625 31695 31764 31834 31904 31975 32046 32117 32188 32260 32332 32404 32476 32548 32621 32693 32766 32838 32910 32983 33054 33126 33199 33272 33347 33422 ]

12	SIL
[start = 33820]
[end = 34099]

13	jiao1
[start = 34099]
[end = 38190]
[peaknum = 59]
[34925 34979 35034 35088 35143 35198 35253 35308 35363 35418 35473 35528 35583 35638 35693 35747 35802 35856 35911 35965 36019 36073 36127 36181 36235 36289 36343 36397 36451 36505 36560 36614 36669 36723 36778 36832 36887 36941 36995 37049 37104 37158 37212 37266 37320 37375 37429 37483 37537 37591 37645 37699 37753 37807 37861 37915 37969 38023 38078 ]

14	she4
[start = 38190]
[end = 42510]
[peaknum = 38]
[40701 40744 40788 40831 40875 40920 40964 41008 41053 41098 41143 41188 41232 41278 41323 41368 41414 41460 41506 41553 41600 41648 41696 41744 41793 41842 41893 41943 41995 42047 42100 42154 42209 42264 42320 42377 42435 42495 ]

15	hui4
[start = 42510]
[end = 45575]
[peaknum = 23]
[44000 44059 44118 44179 44240 44302 44365 44429 44494 44559 44625 44692 44761 44831 44902 44974 45047 45122 45198 45275 45353 45433 45515 ]

16	xue2
[start = 45575]
[end = 49159]
[peaknum = 19]
[47569 47654 47741 47831 47923 48016 48109 48201 48293 48385 48476 48568 48658 48744 48828 48911 48991 49070 49143 ]

17	de5
[start = 49159]
[end = 50502]
[peaknum = 18]
[49213 49283 49352 49423 49494 49566 49638 49711 49783 49856 49930 50004 50079 50154 50231 50306 50383 50459 ]

18	lao3
[start = 50502]
[end = 53720]
[peaknum = 30]
[50537 50616 50696 50777 50859 50943 51029 51117 51207 51301 51399 51501 51609 51721 51836 51954 52074 52196 52319 52444 52570 52697 52827 52957 53086 53199 53318 53427 53535 53638 ]

19	shi1
[start = 53720]
[end = 59456]
[peaknum = 42]
[56796 56862 56927 56992 57058 57123 57189 57254 57319 57383 57448 57512 57576 57639 57703 57766 57829 57893 57955 58018 58080 58143 58205 58267 58329 58390 58452 58514 58575 58637 58699 58761 58823 58886 58949 59014 59082 59152 59223 59295 59366 59435 ]

20	SIL
[start = 59456]
[end = 61744]

21	da3
[start = 61744]
[end = 64347]
[peaknum = 23]
[62098 62171 62245 62323 62402 62484 62569 62658 62752 62851 62952 63056 63161 63268 63379 63493 63608 63727 63848 63970 64093 64212 64327 ]

22	le5
[start = 64347]
[end = 66032]
[peaknum = 14]
[64441 64552 64659 64762 64864 64964 65064 65163 65260 65356 65453 65553 65651 65748 ]

23	SIL
[start = 66032]
[end = 66304]

24	ge4
[start = 66304]
[end = 69715]
[peaknum = 37]
[66589 66663 66741 66823 66907 66992 67077 67163 67249 67336 67424 67513 67603 67693 67783 67875 67966 68059 68152 68246 68340 68435 68530 68625 68718 68810 68898 68984 69067 69149 69233 69316 69398 69478 69556 69634 69712 ]

25	SIL
[start = 69715]
[end = 69809]

26	you1
[start = 69809]
[end = 72606]
[peaknum = 42]
[70422 70476 70530 70584 70639 70694 70748 70803 70857 70911 70964 71018 71071 71124 71177 71230 71282 71335 71388 71441 71493 71546 71599 71652 71705 71758 71810 71863 71915 71968 72021 72074 72127 72180 72233 72286 72339 72392 72446 72499 72552 72605 ]

27	mo4
[start = 72606]
[end = 75968]
[peaknum = 58]
[72658 72711 72764 72816 72868 72920 72972 73023 73074 73126 73177 73227 73278 73329 73379 73430 73480 73530 73581 73631 73682 73732 73781 73830 73879 73929 73978 74028 74077 74127 74177 74227 74277 74327 74378 74429 74481 74534 74588 74642 74697 74752 74808 74865 74923 74983 75043 75104 75165 75229 75293 75360 75428 75499 75573 75648 75726 75806 ]

28	SIL
[start = 75968]
[end = 76355]

29	de5
[start = 76355]
[end = 77900]
[peaknum = 11]
[76659 76751 76849 76952 77057 77162 77266 77370 77474 77580 77700 ]

30	SIL
[start = 77900]
[end = 78848]

31	bi3
[start = 78848]
[end = 81118]
[peaknum = 18]
[79074 79155 79240 79329 79418 79508 79601 79695 79792 79891 79994 80103 80216 80335 80456 80594 80722 80861 ]

32	yu4
[start = 81118]
[end = 84741]
[peaknum = 32]
[81664 81785 81900 82009 82115 82219 82320 82419 82514 82608 82701 82793 82883 82972 83060 83147 83233 83319 83404 83489 83575 83660 83747 83835 83924 84015 84107 84202 84301 84404 84513 84630 ]

33	shuo1
[start = 84741]
[end = 91104]
[peaknum = 46]
[87077 87153 87231 87313 87397 87483 87569 87655 87742 87829 87916 88004 88092 88180 88268 88357 88447 88536 88627 88717 88809 88900 88992 89084 89175 89266 89357 89448 89539 89629 89720 89810 89901 89992 90084 90174 90263 90352 90441 90530 90616 90700 90784 90865 90945 91023 ]

