[SampleRate = 16000]
[ElementNum = 29]
1	SIL
[start = 0]
[end = 2532]

2	gang1
[start = 2532]
[end = 5282]
[peaknum = 45]
[3338 3380 3422 3465 3508 3552 3597 3641 3685 3729 3773 3817 3861 3905 3949 3993 4036 4080 4124 4167 4211 4255 4299 4342 4386 4430 4474 4518 4562 4606 4650 4694 4738 4782 4826 4871 4915 4959 5004 5048 5093 5137 5182 5227 5272 ]

3	man3
[start = 5282]
[end = 9789]
[peaknum = 63]
[5318 5363 5409 5455 5502 5548 5595 5642 5689 5736 5783 5830 5877 5925 5972 6020 6069 6117 6166 6216 6266 6316 6367 6418 6470 6523 6576 6630 6686 6743 6802 6863 6924 6987 7051 7116 7182 7251 7323 7398 7476 7556 7638 7722 7807 7895 7985 8077 8174 8275 8380 8487 8596 8707 8820 8932 9043 9152 9258 9363 9465 9565 9665 ]

4	shi2
[start = 9789]
[end = 13266]
[peaknum = 20]
[12007 12083 12159 12234 12306 12377 12447 12514 12580 12645 12709 12771 12833 12893 12952 13010 13068 13125 13181 13238 ]

5	wu3
[start = 13266]
[end = 16154]
[peaknum = 38]
[13294 13351 13408 13465 13522 13579 13637 13696 13755 13814 13874 13935 13996 14057 14120 14183 14246 14311 14376 14443 14512 14584 14657 14733 14813 14895 14982 15072 15166 15264 15368 15477 15590 15704 15816 15923 16025 16123 ]

6	sui4
[start = 16154]
[end = 20670]
[peaknum = 32]
[17901 17956 18013 18071 18131 18193 18254 18317 18380 18443 18508 18573 18639 18707 18775 18844 18914 18985 19058 19131 19206 19282 19359 19438 19517 19597 19679 19761 19844 19929 20018 20110 ]

7	de5
[start = 20670]
[end = 23448]
[peaknum = 27]
[20986 21070 21155 21242 21330 21419 21509 21599 21691 21783 21876 21970 22065 22161 22257 22353 22450 22546 22643 22739 22836 22932 23028 23124 23218 23312 23407 ]

8	na4
[start = 23448]
[end = 27164]
[peaknum = 63]
[23497 23581 23662 23741 23817 23892 23964 24035 24103 24170 24236 24300 24362 24424 24484 24544 24602 24660 24717 24772 24827 24882 24935 24987 25039 25091 25142 25194 25246 25298 25349 25401 25452 25504 25555 25607 25658 25710 25762 25814 25866 25919 25971 26024 26078 26131 26185 26240 26295 26351 26407 26464 26522 26581 26641 26702 26764 26827 26891 26956 27022 27090 27159 ]

9	er3
[start = 27164]
[end = 29888]
[peaknum = 24]
[27231 27305 27382 27462 27546 27632 27722 27814 27909 28007 28110 28216 28326 28438 28552 28669 28787 28907 29028 29149 29269 29390 29512 29635 ]

10	SIL
[start = 29888]
[end = 30768]

11	ji2
[start = 30768]
[end = 33685]
[peaknum = 22]
[31813 31910 32006 32102 32197 32291 32386 32480 32572 32664 32755 32844 32932 33018 33101 33182 33262 33339 33416 33493 33570 33647 ]

12	si1
[start = 33685]
[end = 39755]
[peaknum = 50]
[36282 36338 36394 36450 36505 36560 36616 36673 36729 36785 36841 36898 36954 37010 37066 37122 37178 37233 37289 37344 37399 37455 37510 37565 37620 37675 37730 37784 37839 37893 37948 38002 38057 38111 38166 38220 38274 38329 38383 38437 38491 38545 38599 38653 38707 38760 38814 38868 38923 38979 ]

13	SIL
[start = 39755]
[end = 41344]

14	ji2
[start = 41344]
[end = 43682]
[peaknum = 21]
[42240 42304 42371 42439 42508 42577 42647 42716 42784 42853 42922 42990 43059 43127 43196 43265 43335 43408 43481 43553 43624 ]

15	zai4
[start = 43682]
[end = 48649]
[peaknum = 59]
[44443 44499 44555 44612 44669 44726 44784 44843 44902 44963 45024 45086 45148 45212 45276 45341 45407 45473 45541 45609 45679 45749 45820 45891 45963 46035 46108 46181 46254 46328 46403 46478 46553 46630 46707 46785 46864 46943 47022 47101 47181 47261 47340 47420 47500 47579 47657 47736 47814 47893 47971 48049 48126 48204 48283 48362 48443 48526 48610 ]

16	ying3
[start = 48649]
[end = 52789]
[peaknum = 36]
[48695 48781 48867 48954 49041 49129 49218 49306 49395 49483 49572 49661 49750 49840 49933 50028 50125 50225 50326 50427 50530 50635 50742 50853 50966 51085 51206 51328 51454 51588 51720 51843 51958 52083 52207 52330 ]

17	pian1
[start = 52789]
[end = 56973]
[peaknum = 34]
[54878 54939 55001 55064 55126 55189 55251 55313 55376 55438 55500 55562 55624 55687 55749 55812 55875 55938 56001 56065 56129 56194 56258 56322 56387 56451 56516 56580 56644 56708 56772 56836 56900 56964 ]

18	ming4
[start = 56973]
[end = 62069]
[peaknum = 91]
[57029 57093 57156 57219 57282 57344 57406 57468 57529 57590 57650 57711 57770 57830 57889 57947 58005 58062 58119 58175 58230 58285 58340 58394 58447 58500 58553 58604 58656 58706 58757 58807 58856 58905 58953 59001 59049 59096 59143 59189 59236 59283 59329 59375 59422 59468 59515 59562 59608 59655 59702 59750 59797 59845 59893 59942 59990 60040 60089 60139 60190 60240 60292 60344 60397 60451 60506 60562 60619 60677 60736 60795 60857 60919 60981 61045 61109 61174 61239 61305 61371 61438 61506 61574 61642 61711 61780 61850 61920 61990 62061 ]

19	yun4
[start = 62069]
[end = 65196]
[peaknum = 35]
[62132 62203 62273 62342 62411 62479 62547 62615 62683 62751 62819 62887 62956 63025 63095 63166 63237 63311 63386 63463 63542 63623 63707 63793 63881 63970 64060 64151 64243 64337 64432 64528 64624 64722 64821 ]

20	zhong1
[start = 65196]
[end = 69620]
[peaknum = 51]
[66046 66114 66182 66249 66316 66384 66451 66518 66586 66654 66723 66793 66862 66932 67002 67072 67143 67213 67283 67353 67423 67493 67563 67633 67703 67773 67843 67913 67983 68053 68123 68192 68262 68331 68400 68469 68538 68606 68674 68741 68808 68875 68942 69009 69078 69150 69224 69299 69374 69448 69520 ]

21	SIL
[start = 69620]
[end = 70997]

22	dan1
[start = 70997]
[end = 74348]
[peaknum = 47]
[71696 71751 71807 71863 71920 71977 72034 72092 72148 72205 72262 72319 72376 72433 72490 72547 72605 72662 72720 72778 72836 72895 72953 73011 73069 73128 73186 73244 73303 73361 73420 73478 73536 73594 73652 73710 73768 73825 73882 73939 73996 74053 74109 74166 74222 74279 74335 ]

23	ren4
[start = 74348]
[end = 76776]
[peaknum = 38]
[74391 74447 74503 74559 74615 74670 74726 74781 74837 74892 74947 75002 75057 75111 75166 75221 75276 75332 75388 75445 75503 75562 75622 75683 75747 75812 75879 75947 76016 76087 76160 76235 76311 76389 76469 76552 76636 76724 ]

24	le5
[start = 76776]
[end = 78944]
[peaknum = 17]
[76814 76908 77005 77105 77208 77315 77426 77541 77658 77777 77898 78019 78139 78257 78372 78485 78597 ]

25	SIL
[start = 78944]
[end = 79683]

26	zhu3
[start = 79683]
[end = 82512]
[peaknum = 11]
[80436 80530 80624 80719 80816 80917 81021 81131 81246 81365 81488 ]

27	SIL
[start = 82512]
[end = 83328]

28	jue2
[start = 83328]
[end = 89504]
[peaknum = 45]
[84811 84911 85015 85123 85233 85345 85458 85572 85687 85803 85921 86040 86160 86281 86402 86522 86641 86760 86877 86993 87107 87221 87334 87446 87556 87665 87773 87880 87985 88090 88193 88295 88395 88493 88587 88677 88764 88849 88932 89011 89090 89167 89243 89316 89390 ]

29	SIL
[start = 89504]
[end = 92229]

