[SampleRate = 16000]
[ElementNum = 30]
1	SIL
[start = 0]
[end = 1504]

2	tai4
[start = 1504]
[end = 4475]
[peaknum = 41]
[2548 2588 2627 2667 2707 2748 2790 2832 2874 2916 2959 3001 3044 3088 3131 3175 3219 3264 3308 3353 3399 3445 3491 3538 3586 3634 3682 3731 3781 3831 3882 3934 3986 4039 4093 4147 4202 4257 4313 4371 4429 ]

3	SIL
[start = 4475]
[end = 4992]

4	kong1
[start = 4992]
[end = 8255]
[peaknum = 47]
[5945 5996 6046 6095 6143 6192 6240 6288 6337 6385 6433 6481 6529 6576 6624 6671 6719 6766 6813 6860 6907 6954 7001 7048 7095 7142 7188 7235 7282 7329 7376 7423 7470 7517 7564 7611 7658 7704 7751 7798 7844 7891 7938 7985 8033 8081 8130 ]

5	chuan2
[start = 8255]
[end = 14757]
[peaknum = 56]
[9966 10035 10104 10172 10242 10313 10386 10463 10543 10627 10713 10803 10895 10989 11086 11185 11285 11386 11487 11589 11691 11792 11891 11989 12086 12183 12280 12377 12475 12574 12674 12773 12871 12968 13064 13159 13253 13344 13433 13519 13604 13687 13769 13850 13929 14007 14084 14160 14235 14309 14383 14458 14533 14608 14683 14755 ]

6	qiang2
[start = 14757]
[end = 20092]
[peaknum = 44]
[16637 16706 16776 16850 16928 17010 17096 17185 17278 17375 17474 17575 17675 17775 17876 17976 18076 18175 18272 18368 18462 18554 18644 18732 18818 18901 18981 19058 19132 19204 19273 19341 19407 19472 19535 19598 19659 19719 19779 19838 19896 19954 20012 20069 ]

7	li4
[start = 20092]
[end = 22544]
[peaknum = 42]
[20125 20180 20233 20285 20336 20387 20437 20488 20538 20588 20638 20687 20737 20786 20835 20884 20933 20982 21031 21081 21130 21180 21230 21280 21331 21382 21434 21486 21538 21592 21645 21700 21755 21811 21868 21927 21986 22048 22115 22186 22258 22330 ]

8	de5
[start = 22544]
[end = 24833]
[peaknum = 26]
[22739 22804 22870 22940 23012 23086 23162 23239 23316 23395 23474 23554 23634 23715 23797 23878 23960 24043 24126 24211 24296 24384 24473 24564 24656 24748 ]

9	yin3
[start = 24833]
[end = 28419]
[peaknum = 34]
[24841 24934 25025 25113 25201 25289 25378 25468 25558 25648 25738 25830 25922 26015 26109 26206 26305 26407 26512 26620 26732 26848 26968 27089 27210 27333 27455 27576 27697 27817 27934 28047 28158 28268 ]

10	qing2
[start = 28419]
[end = 35296]
[peaknum = 49]
[30790 30880 30973 31071 31171 31273 31375 31476 31577 31678 31776 31875 31973 32072 32170 32269 32369 32469 32571 32674 32778 32880 32982 33083 33184 33284 33384 33482 33580 33677 33773 33867 33959 34050 34139 34226 34312 34395 34477 34557 34634 34711 34785 34860 34934 35007 35080 35153 35225 ]

11	SIL
[start = 35296]
[end = 36176]

12	suo3
[start = 36176]
[end = 40464]
[peaknum = 19]
[38739 38819 38900 38984 39069 39156 39243 39332 39423 39516 39611 39707 39804 39901 40000 40101 40202 40302 40401 ]

13	hao4
[start = 40464]
[end = 46242]
[peaknum = 48]
[42420 42488 42553 42615 42676 42737 42798 42861 42924 42987 43052 43118 43184 43252 43321 43390 43461 43533 43605 43679 43753 43829 43905 43981 44059 44138 44216 44296 44377 44458 44541 44625 44709 44794 44880 44967 45055 45143 45233 45324 45417 45511 45609 45710 45814 45920 46034 46150 ]

14	ran2
[start = 46242]
[end = 50233]
[peaknum = 46]
[46261 46363 46462 46559 46655 46750 46844 46933 47020 47106 47193 47280 47368 47458 47549 47641 47735 47830 47927 48023 48121 48219 48318 48417 48515 48614 48711 48806 48900 48992 49083 49172 49258 49342 49423 49501 49575 49648 49718 49787 49854 49920 49985 50049 50112 50175 ]

15	liao4
[start = 50233]
[end = 53952]
[peaknum = 59]
[50236 50296 50354 50411 50466 50520 50573 50626 50678 50731 50783 50834 50886 50937 50988 51039 51090 51140 51191 51241 51292 51343 51395 51446 51499 51551 51605 51658 51713 51768 51823 51879 51936 51994 52052 52112 52172 52234 52296 52361 52427 52494 52564 52636 52710 52786 52864 52944 53025 53107 53189 53273 53356 53441 53530 53618 53703 53787 53870 ]

16	SIL
[start = 53952]
[end = 54528]

17	zhi1
[start = 54528]
[end = 57216]
[peaknum = 27]
[55857 55909 55961 56014 56067 56119 56172 56224 56276 56328 56380 56431 56483 56534 56585 56636 56687 56738 56789 56841 56892 56943 56994 57046 57098 57149 57201 ]

18	SIL
[start = 57216]
[end = 58192]

19	ju4
[start = 58192]
[end = 63040]
[peaknum = 37]
[59509 59558 59606 59655 59704 59755 59805 59857 59908 59960 60013 60067 60121 60176 60233 60291 60350 60411 60473 60537 60602 60669 60737 60808 60881 60957 61035 61117 61192 61280 61374 61473 61582 61700 61838 61964 62102 ]

20	SIL
[start = 63040]
[end = 66943]

21	fei1
[start = 66943]
[end = 71414]
[peaknum = 63]
[68192 68238 68284 68332 68381 68431 68481 68531 68581 68631 68681 68731 68781 68832 68883 68933 68985 69036 69087 69139 69190 69242 69294 69345 69397 69449 69501 69553 69604 69656 69708 69759 69811 69862 69913 69964 70016 70067 70118 70169 70219 70270 70321 70372 70423 70473 70524 70575 70626 70676 70727 70777 70828 70878 70928 70978 71029 71080 71131 71183 71235 71288 71342 ]

22	hai3
[start = 71414]
[end = 76166]
[peaknum = 25]
[73486 73558 73630 73703 73779 73859 73943 74031 74122 74218 74317 74419 74524 74632 74743 74857 74974 75094 75216 75340 75458 75572 75684 75794 75903 ]

23	shang5
[start = 76166]
[end = 81080]
[peaknum = 48]
[78116 78168 78221 78274 78326 78378 78430 78481 78532 78583 78633 78684 78735 78785 78836 78887 78939 78991 79043 79096 79149 79203 79258 79313 79370 79427 79485 79544 79605 79667 79730 79794 79860 79927 79996 80066 80138 80212 80288 80366 80445 80526 80608 80692 80776 80860 80943 81024 ]

24	chuan2
[start = 81080]
[end = 85379]
[peaknum = 29]
[82756 82834 82917 83003 83092 83184 83276 83370 83466 83561 83657 83752 83848 83943 84037 84130 84222 84314 84406 84496 84581 84664 84746 84827 84906 84985 85063 85141 85220 ]

25	zhi1
[start = 85379]
[end = 88160]
[peaknum = 30]
[86439 86499 86558 86618 86679 86739 86799 86859 86919 86979 87038 87097 87156 87215 87274 87332 87391 87449 87507 87565 87622 87680 87737 87795 87852 87909 87967 88025 88083 88141 ]

26	SIL
[start = 88160]
[end = 89200]

27	ke2
[start = 89200]
[end = 93024]
[peaknum = 26]
[90897 90976 91058 91144 91232 91320 91409 91498 91588 91678 91768 91858 91946 92033 92117 92199 92279 92357 92432 92505 92576 92645 92713 92780 92846 92911 ]

28	SIL
[start = 93024]
[end = 93952]

29	bi3
[start = 93952]
[end = 96864]
[peaknum = 12]
[94276 94348 94422 94499 94580 94664 94752 94845 94946 95056 95175 95306 ]

30	SIL
[start = 96864]
[end = 99176]

