[SampleRate = 16000]
[ElementNum = 32]
1	SIL
[start = 0]
[end = 2288]

2	yi1
[start = 2288]
[end = 4724]
[peaknum = 45]
[2428 2472 2516 2560 2605 2651 2696 2742 2787 2832 2877 2922 2967 3012 3056 3101 3146 3191 3237 3282 3328 3374 3420 3466 3512 3559 3607 3654 3702 3750 3799 3848 3898 3948 3999 4050 4103 4156 4211 4267 4325 4387 4451 4517 4583 ]

3	SIL
[start = 4724]
[end = 5008]

4	qian1
[start = 5008]
[end = 9937]
[peaknum = 66]
[6726 6773 6819 6866 6912 6959 7006 7054 7102 7150 7198 7247 7295 7343 7392 7440 7489 7537 7586 7634 7683 7731 7780 7829 7878 7927 7976 8026 8075 8124 8173 8222 8272 8321 8370 8418 8467 8516 8565 8614 8662 8711 8759 8808 8857 8905 8954 9003 9052 9100 9149 9198 9247 9296 9345 9394 9442 9491 9539 9588 9636 9686 9735 9785 9835 9885 ]

5	si4
[start = 9937]
[end = 13840]
[peaknum = 29]
[12353 12397 12440 12484 12529 12573 12618 12663 12708 12752 12798 12843 12889 12935 12981 13028 13075 13123 13171 13220 13269 13319 13370 13421 13474 13527 13583 13643 13708 ]

6	SIL
[start = 13840]
[end = 14112]

7	bai3
[start = 14112]
[end = 17856]
[peaknum = 29]
[14451 14521 14593 14666 14741 14818 14898 14980 15065 15153 15243 15336 15434 15537 15644 15753 15865 15977 16090 16202 16315 16429 16542 16656 16770 16884 16998 17112 17227 ]

8	SIL
[start = 17856]
[end = 18512]

9	er4
[start = 18512]
[end = 21301]
[peaknum = 36]
[19084 19139 19193 19247 19301 19355 19409 19463 19518 19572 19627 19683 19739 19796 19853 19910 19969 20027 20087 20147 20207 20268 20330 20393 20456 20521 20586 20652 20718 20786 20854 20922 20991 21061 21133 21206 ]

10	shi2
[start = 21301]
[end = 24721]
[peaknum = 26]
[23044 23111 23177 23244 23311 23377 23443 23508 23572 23636 23700 23763 23827 23890 23954 24018 24083 24148 24213 24278 24344 24409 24474 24538 24601 24663 ]

11	yi1
[start = 24721]
[end = 27968]
[peaknum = 62]
[24724 24784 24843 24901 24959 25017 25075 25132 25190 25246 25302 25358 25413 25467 25521 25575 25628 25681 25734 25786 25838 25890 25942 25993 26045 26096 26147 26198 26249 26300 26350 26400 26451 26501 26551 26601 26650 26700 26750 26799 26849 26898 26948 26997 27047 27097 27147 27197 27247 27298 27349 27400 27452 27504 27557 27610 27665 27719 27775 27831 27888 27946 ]

12	yu3
[start = 27968]
[end = 31628]
[peaknum = 35]
[28380 28447 28514 28581 28650 28721 28793 28866 28940 29016 29093 29172 29252 29333 29417 29503 29590 29681 29774 29869 29969 30074 30182 30295 30410 30528 30648 30769 30891 31014 31136 31256 31372 31485 31592 ]

13	si1
[start = 31628]
[end = 38198]
[peaknum = 51]
[34570 34639 34709 34780 34852 34925 34997 35070 35141 35212 35283 35354 35425 35495 35566 35636 35706 35776 35845 35915 35985 36054 36124 36193 36262 36331 36400 36469 36538 36607 36676 36745 36814 36883 36951 37019 37087 37154 37222 37289 37356 37422 37489 37556 37622 37688 37755 37821 37886 37951 38016 ]

14	SIL
[start = 38198]
[end = 42028]

15	bu4
[start = 42028]
[end = 44002]
[peaknum = 31]
[42240 42285 42331 42378 42426 42476 42527 42577 42628 42678 42729 42780 42832 42885 42939 42995 43051 43108 43166 43224 43282 43342 43403 43466 43530 43595 43660 43727 43793 43861 43931 ]

16	xi1
[start = 44002]
[end = 48352]
[peaknum = 39]
[46077 46134 46190 46248 46306 46365 46424 46483 46541 46600 46658 46717 46776 46834 46893 46951 47010 47068 47127 47185 47244 47302 47360 47418 47476 47535 47593 47651 47710 47768 47826 47885 47943 48002 48061 48120 48179 48237 48296 ]

17	xi1
[start = 48352]
[end = 51802]
[peaknum = 26]
[50424 50478 50532 50586 50641 50696 50751 50806 50860 50914 50968 51022 51076 51130 51184 51238 51292 51346 51401 51457 51512 51568 51624 51680 51736 51793 ]

18	sheng1
[start = 51802]
[end = 55792]
[peaknum = 50]
[53008 53062 53115 53168 53219 53271 53323 53375 53428 53480 53533 53586 53639 53693 53746 53799 53853 53906 53960 54013 54067 54121 54175 54229 54283 54337 54391 54445 54499 54553 54607 54661 54715 54769 54824 54878 54933 54988 55043 55097 55152 55206 55260 55315 55369 55424 55479 55534 55590 55646 ]

19	SIL
[start = 55792]
[end = 55980]

20	zi4
[start = 55980]
[end = 59747]
[peaknum = 43]
[57281 57326 57370 57415 57460 57506 57552 57598 57644 57690 57735 57781 57827 57874 57920 57967 58015 58063 58111 58161 58211 58262 58315 58369 58424 58482 58540 58601 58663 58726 58791 58856 58923 58992 59062 59135 59209 59286 59365 59447 59532 59620 59711 ]

21	you2
[start = 59747]
[end = 65536]
[peaknum = 51]
[59806 59904 60006 60111 60216 60318 60416 60515 60614 60714 60815 60917 61022 61128 61236 61344 61453 61563 61674 61786 61897 62009 62120 62232 62344 62456 62568 62679 62790 62900 63009 63117 63225 63332 63439 63544 63650 63754 63858 63961 64063 64164 64264 64363 64460 64557 64652 64746 64840 64933 65026 ]

22	SIL
[start = 65536]
[end = 66896]

23	yi3
[start = 66896]
[end = 69072]
[peaknum = 21]
[67045 67128 67210 67292 67375 67458 67542 67627 67714 67802 67893 67987 68081 68178 68277 68377 68477 68579 68682 68783 68883 ]

24	SIL
[start = 69072]
[end = 69792]

25	tu2
[start = 69792]
[end = 73038]
[peaknum = 23]
[71206 71293 71380 71468 71555 71641 71724 71804 71883 71959 72035 72109 72182 72253 72323 72393 72462 72530 72599 72671 72746 72820 72893 ]

26	SIL
[start = 73038]
[end = 73712]

27	gou3
[start = 73712]
[end = 76976]
[peaknum = 22]
[74261 74341 74424 74508 74595 74684 74776 74870 74968 75069 75174 75282 75393 75506 75621 75739 75859 75980 76101 76223 76345 76470 ]

28	SIL
[start = 76976]
[end = 77568]

29	an1
[start = 77568]
[end = 81089]
[peaknum = 56]
[77789 77875 77958 78038 78114 78187 78257 78326 78393 78460 78525 78589 78652 78714 78774 78834 78894 78952 79011 79068 79126 79183 79239 79295 79351 79407 79462 79517 79573 79628 79683 79739 79796 79851 79907 79962 80017 80072 80127 80181 80236 80290 80344 80398 80453 80507 80562 80617 80673 80730 80787 80845 80903 80963 81024 81085 ]

30	de5
[start = 81089]
[end = 82688]
[peaknum = 22]
[81145 81203 81261 81319 81376 81434 81494 81554 81617 81680 81745 81812 81881 81953 82028 82106 82188 82273 82363 82457 82556 82660 ]

31	ren2
[start = 82688]
[end = 88748]
[peaknum = 44]
[82770 82887 83009 83134 83258 83380 83497 83611 83724 83839 83957 84077 84198 84321 84447 84573 84700 84827 84955 85085 85207 85329 85476 85592 85715 85839 85964 86087 86209 86331 86453 86575 86697 86816 86934 87052 87170 87288 87406 87527 87650 87776 87899 88009 ]

32	SIL
[start = 88748]
[end = 90552]

