[SampleRate = 16000]
[ElementNum = 34]
1	SIL
[start = 0]
[end = 768]

2	wei4
[start = 768]
[end = 3854]
[peaknum = 62]
[937 979 1021 1063 1106 1150 1194 1238 1281 1325 1368 1411 1454 1496 1538 1580 1621 1662 1702 1743 1783 1823 1864 1904 1945 1985 2026 2067 2109 2150 2191 2233 2275 2317 2360 2402 2445 2488 2532 2576 2620 2664 2710 2755 2801 2848 2896 2945 2994 3045 3096 3149 3204 3260 3318 3378 3441 3508 3579 3651 3724 3797 ]

3	SIL
[start = 3854]
[end = 4517]

4	ge2
[start = 4517]
[end = 6656]
[peaknum = 24]
[4772 4849 4928 5008 5089 5171 5253 5334 5416 5498 5579 5660 5742 5823 5904 5985 6065 6144 6222 6298 6376 6456 6534 6609 ]

5	SIL
[start = 6656]
[end = 7024]

6	deng1
[start = 7024]
[end = 9659]
[peaknum = 41]
[7367 7422 7477 7531 7586 7641 7695 7750 7804 7858 7912 7966 8021 8075 8129 8184 8239 8293 8347 8401 8455 8508 8562 8615 8669 8722 8776 8829 8882 8935 8987 9040 9093 9146 9198 9251 9305 9358 9412 9467 9522 ]

7	xian1
[start = 9659]
[end = 13429]
[peaknum = 39]
[11338 11390 11442 11494 11547 11601 11655 11709 11763 11818 11872 11927 11982 12037 12092 12147 12202 12258 12313 12368 12423 12478 12533 12587 12642 12697 12751 12806 12860 12914 12969 13023 13077 13131 13185 13239 13294 13349 13405 ]

8	sheng5
[start = 13429]
[end = 19146]
[peaknum = 38]
[15055 15117 15180 15246 15313 15383 15454 15527 15602 15678 15756 15836 15916 15998 16082 16167 16252 16340 16428 16518 16609 16701 16793 16886 16980 17074 17168 17263 17359 17457 17555 17656 17758 17861 17967 18078 18194 18317 ]

9	SIL
[start = 19146]
[end = 19462]

10	mei3
[start = 19462]
[end = 22368]
[peaknum = 29]
[19906 19987 20064 20140 20214 20287 20361 20436 20513 20592 20671 20752 20834 20917 21001 21086 21172 21260 21349 21440 21532 21626 21721 21818 21915 22014 22111 22209 22308 ]

11	SIL
[start = 22368]
[end = 22784]

12	ting1
[start = 22784]
[end = 26189]
[peaknum = 33]
[24148 24206 24264 24323 24381 24440 24499 24557 24616 24675 24733 24791 24849 24907 24965 25023 25080 25137 25194 25252 25309 25365 25422 25479 25536 25593 25650 25708 25765 25823 25881 25940 25999 ]

13	dao4
[start = 26189]
[end = 29664]
[peaknum = 46]
[26366 26422 26478 26534 26591 26649 26708 26767 26827 26887 26947 27008 27070 27132 27195 27259 27324 27390 27457 27526 27596 27668 27742 27817 27893 27972 28051 28131 28213 28295 28379 28463 28548 28633 28719 28804 28888 28972 29056 29140 29224 29310 29395 29478 29560 29640 ]

14	SIL
[start = 29664]
[end = 30016]

15	qian2
[start = 30016]
[end = 33492]
[peaknum = 19]
[31994 32066 32138 32211 32286 32363 32443 32526 32612 32697 32784 32872 32960 33048 33135 33221 33305 33387 33466 ]

16	men2
[start = 33492]
[end = 37427]
[peaknum = 56]
[33542 33615 33686 33756 33825 33892 33959 34024 34089 34153 34216 34279 34341 34403 34465 34526 34588 34649 34710 34771 34832 34893 34955 35017 35079 35141 35203 35266 35329 35394 35459 35525 35593 35661 35731 35802 35874 35948 36022 36097 36173 36250 36326 36401 36476 36550 36623 36697 36769 36841 36912 36982 37052 37122 37192 37261 ]

17	de5
[start = 37427]
[end = 39050]
[peaknum = 23]
[37624 37676 37730 37785 37841 37898 37954 38011 38067 38123 38180 38236 38292 38349 38406 38463 38521 38579 38638 38697 38757 38818 38881 ]

18	xiao3
[start = 39050]
[end = 44317]
[peaknum = 36]
[40623 40695 40766 40834 40902 40973 41047 41123 41201 41282 41366 41454 41546 41643 41746 41855 41969 42085 42205 42327 42449 42571 42693 42814 42933 43052 43171 43288 43406 43525 43647 43771 43890 44006 44124 44244 ]

19	ling2
[start = 44317]
[end = 49904]
[peaknum = 58]
[44370 44485 44587 44691 44797 44905 45013 45122 45231 45340 45449 45557 45666 45775 45884 45993 46102 46211 46318 46426 46533 46641 46747 46853 46958 47062 47165 47268 47369 47469 47568 47665 47761 47855 47949 48042 48134 48225 48315 48405 48494 48581 48668 48753 48837 48920 49003 49084 49164 49244 49322 49400 49477 49552 49627 49702 49777 49852 ]

20	SIL
[start = 49904]
[end = 50038]

21	fa1
[start = 50038]
[end = 53504]
[peaknum = 33]
[51340 51402 51463 51525 51588 51652 51717 51783 51850 51918 51985 52053 52120 52187 52254 52320 52387 52453 52519 52586 52652 52719 52786 52853 52919 52986 53053 53120 53187 53256 53326 53397 53469 ]

22	SIL
[start = 53504]
[end = 53952]

23	chu1
[start = 53952]
[end = 58193]
[peaknum = 40]
[55535 55594 55655 55717 55782 55846 55911 55977 56043 56110 56176 56244 56311 56378 56445 56513 56580 56647 56715 56782 56850 56918 56985 57053 57120 57187 57254 57321 57387 57454 57520 57586 57652 57719 57786 57856 57927 58000 58074 58147 ]

24	SIL
[start = 58193]
[end = 58640]

25	qing1
[start = 58640]
[end = 63295]
[peaknum = 52]
[60637 60687 60737 60787 60837 60888 60938 60989 61039 61090 61141 61192 61243 61295 61346 61398 61450 61502 61554 61606 61658 61711 61763 61816 61868 61921 61973 62025 62078 62130 62183 62235 62287 62339 62391 62443 62496 62548 62601 62654 62707 62760 62812 62865 62918 62971 63024 63077 63131 63185 63239 63293 ]

26	wei1
[start = 63295]
[end = 65920]
[peaknum = 50]
[63345 63395 63444 63493 63543 63592 63642 63692 63742 63792 63842 63892 63943 63993 64044 64095 64145 64196 64247 64297 64347 64398 64448 64498 64548 64598 64648 64698 64748 64798 64848 64898 64949 64999 65049 65099 65150 65200 65251 65302 65353 65404 65456 65508 65560 65612 65665 65720 65777 65836 ]

27	SIL
[start = 65920]
[end = 66416]

28	de5
[start = 66416]
[end = 69904]
[peaknum = 38]
[66686 66749 66813 66879 66947 67018 67090 67163 67238 67314 67392 67471 67552 67634 67717 67802 67887 67974 68062 68151 68240 68330 68421 68512 68605 68698 68791 68885 68978 69072 69165 69257 69349 69442 69537 69629 69717 69805 ]

29	SIL
[start = 69904]
[end = 71136]

30	ding1
[start = 71136]
[end = 74470]
[peaknum = 60]
[71361 71413 71464 71517 71569 71622 71675 71729 71782 71836 71889 71943 71996 72049 72102 72155 72208 72260 72313 72365 72418 72470 72523 72576 72628 72681 72734 72786 72839 72892 72944 72997 73050 73103 73155 73208 73261 73314 73366 73419 73472 73524 73577 73629 73681 73734 73786 73838 73890 73941 73993 74045 74097 74148 74200 74252 74305 74358 74413 74469 ]

31	SIL
[start = 74470]
[end = 74754]

32	dang1
[start = 74754]
[end = 77920]
[peaknum = 60]
[74871 74917 74963 75011 75059 75109 75159 75210 75260 75311 75362 75412 75463 75514 75564 75615 75665 75715 75766 75816 75867 75917 75968 76018 76068 76118 76168 76218 76269 76319 76369 76419 76469 76519 76570 76620 76670 76720 76770 76820 76870 76920 76970 77019 77069 77119 77169 77219 77269 77319 77369 77420 77471 77522 77574 77626 77679 77734 77789 77845 ]

33	sheng1
[start = 77920]
[end = 84816]
[peaknum = 62]
[79847 79917 79989 80063 80139 80216 80295 80375 80455 80536 80618 80700 80783 80866 80949 81032 81115 81198 81281 81364 81448 81531 81614 81698 81781 81865 81949 82032 82116 82199 82283 82366 82449 82533 82616 82700 82785 82869 82953 83037 83122 83206 83290 83372 83454 83536 83616 83695 83772 83849 83924 83998 84072 84146 84219 84291 84363 84435 84507 84580 84652 84724 ]

34	SIL
[start = 84816]
[end = 86001]

