[SampleRate = 16000]
[ElementNum = 31]
1	SIL
[start = 0]
[end = 1184]

2	you2
[start = 1184]
[end = 3834]
[peaknum = 41]
[1302 1366 1432 1500 1568 1637 1705 1773 1841 1909 1977 2044 2112 2180 2249 2319 2389 2459 2529 2599 2667 2735 2801 2867 2931 2994 3054 3112 3170 3226 3281 3335 3389 3442 3495 3548 3601 3654 3707 3761 3814 ]

3	yu2
[start = 3834]
[end = 6848]
[peaknum = 50]
[3869 3923 3978 4034 4089 4145 4201 4258 4315 4372 4429 4487 4545 4604 4662 4721 4781 4841 4901 4962 5024 5086 5148 5211 5274 5337 5401 5464 5528 5591 5654 5717 5780 5842 5904 5965 6026 6087 6147 6207 6266 6325 6383 6441 6499 6556 6614 6672 6731 6792 ]

4	SIL
[start = 6848]
[end = 7072]

5	zhe4
[start = 7072]
[end = 9683]
[peaknum = 32]
[7835 7885 7935 7986 8037 8089 8141 8193 8246 8299 8353 8407 8462 8517 8572 8629 8686 8744 8802 8862 8923 8984 9047 9111 9176 9242 9309 9377 9446 9515 9585 9655 ]

6	xie1
[start = 9683]
[end = 14000]
[peaknum = 45]
[11375 11433 11490 11548 11606 11664 11723 11783 11842 11901 11961 12020 12079 12139 12198 12257 12316 12376 12435 12494 12553 12612 12671 12730 12789 12848 12907 12966 13024 13083 13142 13201 13260 13319 13378 13437 13496 13554 13613 13671 13729 13787 13846 13907 13969 ]

7	SIL
[start = 14000]
[end = 14976]

8	gao1
[start = 14976]
[end = 17879]
[peaknum = 54]
[15326 15374 15422 15469 15517 15566 15615 15663 15712 15760 15808 15857 15905 15953 16001 16049 16097 16145 16193 16240 16288 16336 16384 16431 16479 16527 16574 16622 16669 16716 16764 16811 16858 16905 16952 16999 17046 17093 17140 17187 17234 17282 17329 17376 17423 17471 17518 17566 17614 17662 17710 17759 17808 17858 ]

9	SIL
[start = 17879]
[end = 18320]

10	ji2
[start = 18320]
[end = 20878]
[peaknum = 23]
[19338 19399 19461 19524 19588 19652 19715 19778 19841 19904 19967 20029 20092 20154 20216 20278 20339 20401 20463 20525 20590 20658 20729 ]

11	SIL
[start = 20878]
[end = 21408]

12	zhi2
[start = 21408]
[end = 24964]
[peaknum = 31]
[22392 22473 22556 22642 22730 22819 22909 23000 23092 23184 23276 23367 23457 23546 23634 23720 23803 23885 23964 24043 24122 24202 24282 24363 24445 24528 24612 24696 24781 24868 24955 ]

13	yuan2
[start = 24964]
[end = 31184]
[peaknum = 62]
[25041 25128 25215 25301 25385 25469 25553 25639 25727 25816 25906 25999 26092 26188 26285 26385 26490 26598 26709 26823 26939 27055 27172 27290 27408 27526 27645 27766 27887 28007 28128 28248 28367 28485 28602 28719 28834 28948 29062 29174 29286 29398 29507 29613 29717 29819 29919 30017 30113 30205 30293 30380 30465 30547 30628 30707 30785 30861 30935 31009 31084 31158 ]

14	ping2
[start = 31184]
[end = 35368]
[peaknum = 29]
[32951 33033 33113 33191 33271 33355 33441 33528 33616 33704 33793 33881 33970 34058 34147 34235 34322 34408 34493 34576 34658 34739 34819 34899 34979 35059 35139 35220 35302 ]

15	shi2
[start = 35368]
[end = 38309]
[peaknum = 16]
[37099 37171 37247 37327 37411 37494 37576 37658 37740 37822 37902 37981 38060 38139 38218 38298 ]

16	shou4
[start = 38309]
[end = 41736]
[peaknum = 26]
[39812 39872 39933 39995 40057 40122 40189 40258 40328 40400 40473 40548 40623 40700 40778 40857 40937 41018 41100 41182 41265 41348 41434 41524 41610 41694 ]

17	dao4
[start = 41736]
[end = 46349]
[peaknum = 44]
[42441 42524 42609 42695 42782 42869 42957 43046 43135 43226 43317 43409 43502 43595 43688 43783 43878 43975 44072 44169 44266 44362 44458 44554 44650 44746 44841 44937 45033 45129 45224 45319 45412 45504 45595 45684 45771 45856 45939 46018 46094 46169 46242 46314 ]

18	ri4
[start = 46349]
[end = 49034]
[peaknum = 24]
[47645 47696 47748 47799 47851 47902 47953 48004 48055 48106 48157 48209 48261 48313 48365 48419 48472 48527 48584 48646 48713 48781 48849 48917 ]

19	SIL
[start = 49034]
[end = 49380]

20	ben3
[start = 49380]
[end = 52552]
[peaknum = 25]
[49576 49655 49736 49818 49902 49990 50080 50174 50271 50371 50475 50584 50699 50818 50941 51077 51215 51346 51483 51615 51748 51885 51994 52109 52206 ]

21	tang2
[start = 52552]
[end = 57923]
[peaknum = 34]
[54683 54776 54873 54975 55078 55180 55283 55387 55490 55593 55696 55798 55899 55999 56098 56195 56290 56383 56475 56565 56653 56739 56822 56903 56982 57059 57134 57208 57281 57354 57428 57502 57579 57659 ]

22	guan1
[start = 57923]
[end = 62330]
[peaknum = 68]
[58396 58453 58509 58565 58621 58676 58732 58787 58842 58896 58951 59006 59062 59118 59173 59229 59285 59341 59397 59453 59509 59565 59621 59677 59732 59788 59844 59900 59956 60012 60068 60123 60179 60234 60289 60344 60400 60456 60512 60569 60625 60680 60736 60791 60845 60900 60955 61009 61063 61118 61172 61227 61282 61337 61392 61447 61502 61557 61613 61669 61725 61782 61839 61897 61956 62017 62082 62149 ]

23	de5
[start = 62330]
[end = 65056]
[peaknum = 23]
[62705 62776 62848 62923 63000 63082 63166 63251 63339 63428 63519 63612 63705 63800 63896 63993 64091 64191 64292 64394 64497 64602 64707 ]

24	SIL
[start = 65056]
[end = 65824]

25	te4
[start = 65824]
[end = 69958]
[peaknum = 38]
[67819 67869 67918 67968 68017 68067 68117 68166 68216 68266 68315 68365 68416 68466 68518 68569 68622 68675 68729 68784 68840 68897 68955 69014 69074 69135 69197 69260 69324 69389 69455 69523 69591 69660 69730 69802 69874 69948 ]

26	shu1
[start = 69958]
[end = 74679]
[peaknum = 48]
[72151 72200 72249 72298 72348 72398 72448 72498 72548 72598 72648 72699 72749 72799 72849 72900 72950 73001 73051 73102 73153 73204 73254 73305 73356 73406 73457 73507 73557 73606 73656 73705 73755 73804 73854 73903 73952 74002 74051 74100 74150 74199 74249 74299 74350 74402 74456 74510 ]

27	SIL
[start = 74679]
[end = 75256]

28	zhao4
[start = 75256]
[end = 78768]
[peaknum = 45]
[75665 75712 75759 75807 75855 75903 75952 76001 76050 76101 76151 76203 76255 76307 76360 76414 76468 76522 76577 76634 76691 76749 76808 76868 76930 76993 77057 77122 77188 77256 77324 77395 77468 77543 77620 77701 77786 77875 77967 78063 78163 78268 78377 78490 78607 ]

29	SIL
[start = 78768]
[end = 79808]

30	gu4
[start = 79808]
[end = 83329]
[peaknum = 18]
[80532 80637 80744 80852 80964 81076 81190 81306 81425 81542 81663 81789 81923 82068 82224 82388 82571 82765 ]

31	SIL
[start = 83329]
[end = 85043]

