[SampleRate = 16000]
[ElementNum = 25]
1	SIL
[start = 0]
[end = 932]

2	zhuan1
[start = 932]
[end = 4614]
[peaknum = 53]
[1749 1791 1833 1876 1919 1963 2007 2051 2096 2141 2186 2231 2276 2322 2367 2412 2458 2503 2548 2593 2638 2684 2729 2774 2819 2864 2909 2955 3000 3045 3090 3136 3181 3227 3273 3319 3365 3411 3457 3503 3549 3594 3639 3684 3729 3775 3820 3866 3911 3958 4004 4050 4097 ]

3	ti4
[start = 4614]
[end = 8016]
[peaknum = 40]
[5768 5812 5855 5899 5943 5987 6031 6076 6121 6167 6214 6260 6307 6355 6402 6451 6499 6549 6599 6649 6701 6753 6806 6860 6915 6971 7028 7087 7146 7206 7268 7330 7394 7459 7525 7592 7662 7734 7810 7888 ]

4	SIL
[start = 8016]
[end = 8576]

5	zhun3
[start = 8576]
[end = 13194]
[peaknum = 31]
[9298 9367 9439 9513 9590 9667 9747 9828 9912 9998 10085 10174 10266 10362 10464 10569 10678 10790 10904 11020 11140 11272 11384 11508 11630 11752 11873 11994 12114 12231 12350 ]

6	bei4
[start = 13194]
[end = 16784]
[peaknum = 39]
[13295 13372 13449 13527 13607 13689 13772 13855 13938 14022 14106 14191 14277 14363 14449 14536 14624 14713 14802 14893 14985 15078 15173 15268 15365 15464 15562 15662 15761 15859 15957 16054 16151 16246 16340 16432 16523 16613 16704 ]

7	fang4
[start = 16784]
[end = 22540]
[peaknum = 61]
[19023 19070 19115 19161 19206 19252 19297 19343 19388 19434 19480 19526 19571 19617 19663 19710 19756 19803 19849 19896 19944 19991 20039 20087 20136 20185 20235 20285 20336 20387 20439 20492 20546 20602 20658 20716 20774 20834 20895 20956 21020 21084 21149 21216 21284 21353 21424 21496 21570 21645 21721 21797 21874 21952 22030 22108 22186 22263 22339 22415 22491 ]

8	qi4
[start = 22540]
[end = 26819]
[peaknum = 30]
[24660 24722 24785 24850 24915 24981 25048 25116 25184 25254 25324 25396 25468 25541 25615 25690 25766 25842 25919 25997 26075 26152 26230 26307 26385 26462 26539 26616 26693 26770 ]

9	ying1
[start = 26819]
[end = 29284]
[peaknum = 41]
[26845 26919 26992 27063 27132 27200 27266 27331 27396 27460 27524 27587 27649 27711 27772 27833 27893 27953 28013 28072 28131 28189 28248 28306 28364 28422 28480 28537 28594 28652 28709 28766 28823 28880 28937 28993 29050 29107 29164 29221 29279 ]

10	er2
[start = 29284]
[end = 32400]
[peaknum = 38]
[29336 29394 29452 29511 29570 29630 29690 29752 29814 29877 29941 30005 30071 30137 30204 30271 30340 30411 30484 30560 30640 30723 30810 30901 30998 31103 31215 31330 31445 31554 31657 31757 31854 31950 32047 32145 32244 32346 ]

11	de5
[start = 32400]
[end = 35471]
[peaknum = 30]
[33095 33179 33264 33350 33437 33524 33613 33703 33793 33883 33973 34062 34151 34238 34323 34407 34488 34569 34649 34728 34807 34885 34961 35036 35110 35183 35255 35325 35394 35461 ]

12	yun4
[start = 35471]
[end = 39413]
[peaknum = 52]
[36336 36388 36439 36491 36542 36593 36644 36695 36745 36796 36846 36895 36945 36995 37045 37095 37145 37196 37246 37297 37348 37399 37450 37502 37554 37607 37661 37715 37770 37826 37883 37941 38000 38060 38121 38182 38245 38309 38373 38438 38504 38571 38638 38706 38775 38844 38914 38984 39054 39125 39197 39270 ]

13	fu4
[start = 39413]
[end = 43722]
[peaknum = 46]
[41102 41147 41191 41236 41282 41328 41375 41422 41468 41515 41562 41609 41656 41703 41750 41798 41846 41894 41943 41992 42041 42091 42141 42192 42244 42296 42349 42403 42458 42514 42572 42631 42691 42753 42816 42881 42948 43016 43086 43158 43233 43310 43388 43468 43549 43633 ]

14	fu2
[start = 43722]
[end = 47345]
[peaknum = 17]
[45748 45835 45925 46021 46118 46215 46313 46412 46510 46610 46709 46809 46910 47011 47112 47212 47311 ]

15	wu4
[start = 47345]
[end = 51728]
[peaknum = 39]
[47408 47503 47597 47690 47781 47871 47959 48046 48132 48217 48301 48385 48468 48550 48632 48714 48796 48879 48961 49045 49129 49214 49300 49388 49478 49570 49664 49761 49860 49961 50064 50169 50275 50383 50494 50605 50720 50839 50959 ]

16	SIL
[start = 51728]
[end = 54656]

17	wo3
[start = 54656]
[end = 56969]
[peaknum = 28]
[54690 54747 54806 54868 54935 55008 55086 55169 55255 55340 55425 55510 55593 55678 55763 55848 55933 56019 56104 56191 56279 56369 56460 56553 56646 56741 56837 56935 ]

18	men5
[start = 56969]
[end = 61548]
[peaknum = 47]
[57035 57133 57229 57324 57418 57514 57610 57708 57807 57904 57999 58096 58197 58297 58397 58497 58596 58695 58794 58892 58989 59087 59184 59280 59375 59470 59565 59659 59752 59845 59936 60024 60110 60195 60278 60360 60441 60519 60596 60672 60746 60819 60892 60964 61036 61112 61193 ]

19	dai4
[start = 61548]
[end = 64992]
[peaknum = 48]
[62212 62261 62307 62353 62400 62447 62495 62543 62591 62639 62688 62737 62785 62834 62884 62933 62983 63033 63084 63135 63186 63238 63290 63342 63395 63449 63503 63558 63613 63669 63726 63783 63841 63900 63960 64021 64084 64148 64214 64282 64352 64424 64497 64571 64647 64724 64802 64881 ]

20	SIL
[start = 64992]
[end = 65696]

21	ban4
[start = 65696]
[end = 69411]
[peaknum = 38]
[65912 65980 66048 66117 66186 66257 66328 66400 66473 66547 66622 66697 66772 66848 66923 67000 67077 67155 67235 67316 67400 67485 67571 67660 67752 67846 67943 68045 68151 68261 68375 68492 68609 68726 68844 68962 69081 69203 ]

22	yi2
[start = 69411]
[end = 72160]
[peaknum = 22]
[69784 69896 70015 70135 70256 70378 70500 70620 70738 70855 70971 71084 71194 71302 71407 71507 71605 71700 71793 71886 71980 72075 ]

23	SIL
[start = 72160]
[end = 72720]

24	qie4
[start = 72720]
[end = 78144]
[peaknum = 28]
[75044 75100 75157 75216 75276 75337 75400 75463 75527 75592 75658 75725 75793 75861 75931 76002 76074 76148 76226 76308 76397 76491 76589 76692 76803 76923 77047 77187 ]

25	SIL
[start = 78144]
[end = 79293]

