[SampleRate = 16000]
[ElementNum = 31]
1	SIL
[start = 0]
[end = 1219]

2	zai4
[start = 1219]
[end = 5824]
[peaknum = 74]
[1779 1822 1865 1909 1953 1998 2044 2089 2136 2182 2229 2276 2324 2371 2419 2467 2516 2564 2613 2662 2711 2761 2811 2861 2911 2962 3012 3064 3115 3167 3219 3271 3324 3377 3431 3485 3539 3594 3649 3704 3760 3817 3874 3931 3989 4048 4107 4166 4226 4286 4347 4409 4471 4534 4596 4660 4724 4788 4852 4917 4982 5046 5111 5176 5241 5306 5370 5434 5498 5561 5624 5686 5751 5817 ]

3	SIL
[start = 5824]
[end = 6610]

4	pai1
[start = 6610]
[end = 10094]
[peaknum = 43]
[8020 8072 8124 8175 8225 8275 8325 8374 8424 8473 8522 8570 8618 8667 8715 8763 8810 8858 8906 8953 9001 9048 9096 9143 9191 9238 9286 9333 9381 9429 9476 9524 9571 9619 9666 9714 9761 9809 9857 9905 9954 10003 10052 ]

5	she4
[start = 10094]
[end = 15596]
[peaknum = 54]
[12362 12410 12460 12510 12561 12613 12666 12719 12772 12826 12880 12935 12990 13046 13102 13158 13215 13272 13330 13388 13447 13506 13566 13627 13689 13751 13814 13878 13941 14006 14070 14135 14200 14265 14330 14395 14461 14526 14591 14655 14719 14782 14845 14906 14967 15027 15087 15146 15206 15266 15326 15386 15446 15505 ]

6	yin4
[start = 15596]
[end = 19181]
[peaknum = 48]
[16828 16873 16917 16962 17006 17051 17095 17140 17186 17231 17276 17322 17367 17413 17458 17503 17549 17595 17640 17686 17732 17779 17825 17872 17919 17966 18014 18063 18112 18161 18212 18262 18313 18363 18415 18467 18519 18571 18624 18678 18732 18786 18841 18896 18951 19008 19067 19128 ]

7	SIL
[start = 19181]
[end = 19607]

8	du4
[start = 19607]
[end = 21534]
[peaknum = 25]
[19881 19935 19992 20050 20111 20173 20235 20299 20363 20427 20493 20559 20625 20693 20760 20829 20898 20967 21038 21109 21181 21253 21327 21402 21478 ]

9	mu3
[start = 21534]
[end = 26147]
[peaknum = 45]
[21556 21634 21713 21793 21873 21953 22032 22113 22193 22274 22355 22436 22518 22599 22680 22761 22843 22926 23009 23093 23177 23262 23347 23432 23518 23605 23694 23784 23876 23969 24063 24159 24257 24358 24461 24568 24679 24792 24909 25029 25153 25280 25408 25533 25658 ]

10	qin1
[start = 26147]
[end = 30621]
[peaknum = 29]
[28382 28453 28526 28599 28674 28751 28829 28907 28986 29065 29144 29224 29303 29382 29460 29538 29616 29693 29770 29846 29922 29998 30073 30148 30223 30298 30374 30452 30531 ]

11	zhong1
[start = 30621]
[end = 35488]
[peaknum = 73]
[31201 31259 31317 31375 31433 31492 31550 31607 31665 31722 31780 31837 31895 31952 32010 32068 32126 32184 32242 32300 32358 32415 32473 32531 32588 32646 32703 32761 32818 32876 32933 32991 33048 33105 33163 33220 33277 33334 33392 33449 33506 33563 33620 33677 33733 33790 33847 33903 33960 34017 34074 34131 34187 34244 34301 34357 34413 34469 34525 34581 34636 34692 34748 34803 34859 34914 34970 35026 35082 35140 35198 35257 35317 ]

12	SIL
[start = 35488]
[end = 40274]

13	ta1
[start = 40274]
[end = 44099]
[peaknum = 45]
[41480 41538 41596 41655 41714 41774 41833 41892 41952 42012 42071 42131 42191 42251 42311 42372 42432 42492 42552 42613 42673 42733 42793 42853 42913 42973 43032 43092 43151 43210 43270 43329 43388 43447 43506 43565 43623 43682 43740 43799 43857 43916 43975 44036 44097 ]

14	shi4
[start = 44099]
[end = 48249]
[peaknum = 27]
[46407 46463 46520 46578 46637 46696 46757 46818 46880 46943 47008 47073 47139 47206 47274 47343 47412 47482 47554 47627 47701 47776 47852 47931 48012 48094 48179 ]

15	yan3
[start = 48249]
[end = 53919]
[peaknum = 49]
[48265 48352 48440 48530 48620 48712 48804 48895 48986 49075 49165 49255 49345 49436 49528 49621 49715 49811 49908 50006 50105 50205 50306 50408 50512 50618 50725 50835 50946 51059 51173 51287 51402 51517 51631 51746 51861 51976 52092 52208 52323 52437 52551 52664 52777 52889 53003 53119 53241 ]

16	la1
[start = 53919]
[end = 57504]
[peaknum = 58]
[54354 54461 54553 54634 54708 54777 54842 54903 54961 55016 55070 55123 55176 55228 55280 55331 55381 55432 55481 55531 55580 55629 55679 55728 55777 55827 55876 55925 55975 56024 56073 56123 56172 56222 56271 56320 56370 56419 56468 56517 56566 56614 56663 56711 56760 56808 56856 56904 56952 57000 57048 57096 57144 57192 57240 57288 57337 57385 ]

17	SIL
[start = 57504]
[end = 58048]

18	ta3
[start = 58048]
[end = 61857]
[peaknum = 18]
[59550 59619 59690 59767 59847 59930 60018 60111 60209 60310 60415 60523 60634 60748 60867 60989 61115 61242 ]

19	er2
[start = 61857]
[end = 65200]
[peaknum = 29]
[62304 62413 62520 62623 62724 62826 62927 63029 63131 63234 63340 63446 63553 63660 63765 63870 63974 64077 64179 64279 64376 64471 64562 64651 64737 64823 64908 64993 65078 ]

20	SIL
[start = 65200]
[end = 65693]

21	zi5
[start = 65693]
[end = 68320]
[peaknum = 19]
[66583 66657 66732 66807 66884 66963 67044 67126 67210 67297 67384 67473 67563 67655 67748 67841 67934 68029 68125 ]

22	SIL
[start = 68320]
[end = 69136]

23	tao2
[start = 69136]
[end = 74048]
[peaknum = 31]
[71395 71477 71566 71662 71758 71852 71946 72038 72128 72215 72300 72382 72462 72538 72611 72682 72750 72817 72881 72945 73007 73069 73129 73188 73246 73303 73360 73415 73470 73525 73579 ]

24	SIL
[start = 74048]
[end = 74448]

25	pao3
[start = 74448]
[end = 78256]
[peaknum = 13]
[76484 76585 76687 76791 76904 77023 77148 77280 77410 77534 77658 77791 77917 ]

26	SIL
[start = 78256]
[end = 78816]

27	de5
[start = 78816]
[end = 80875]
[peaknum = 16]
[79266 79377 79488 79598 79708 79817 79924 80031 80136 80241 80346 80452 80557 80662 80766 80869 ]

28	yi2
[start = 80875]
[end = 83365]
[peaknum = 24]
[80972 81076 81180 81283 81388 81492 81596 81700 81804 81909 82015 82121 82228 82335 82441 82548 82654 82758 82861 82962 83060 83156 83251 83343 ]

29	mu4
[start = 83365]
[end = 86912]
[peaknum = 51]
[83431 83516 83599 83679 83757 83833 83908 83981 84052 84122 84191 84258 84324 84390 84454 84517 84580 84641 84700 84759 84817 84874 84932 84989 85046 85102 85159 85216 85273 85331 85389 85447 85505 85565 85625 85686 85748 85811 85875 85941 86008 86077 86149 86222 86299 86377 86459 86544 86631 86722 86816 ]

30	shi2
[start = 86912]
[end = 92528]
[peaknum = 13]
[89872 89986 90096 90207 90346 90463 90584 90713 90848 90996 91138 91276 91430 ]

31	SIL
[start = 92528]
[end = 93427]

