[SampleRate = 16000]
[ElementNum = 30]
1	SIL
[start = 0]
[end = 880]

2	mei3
[start = 880]
[end = 3568]
[peaknum = 32]
[954 1016 1080 1147 1217 1288 1360 1431 1501 1575 1652 1732 1812 1893 1976 2060 2145 2232 2319 2407 2497 2588 2680 2774 2868 2963 3057 3151 3244 3338 3431 3522 ]

3	xing1
[start = 3568]
[end = 8048]
[peaknum = 47]
[5744 5794 5845 5896 5948 6000 6052 6104 6156 6208 6259 6310 6361 6412 6462 6512 6563 6613 6662 6712 6762 6811 6861 6911 6960 7010 7059 7109 7158 7208 7257 7307 7356 7405 7453 7502 7551 7599 7647 7695 7744 7793 7842 7891 7941 7991 8040 ]

4	qi1
[start = 8048]
[end = 13853]
[peaknum = 72]
[10237 10283 10329 10375 10422 10469 10517 10566 10615 10664 10714 10764 10814 10864 10914 10964 11014 11064 11114 11164 11214 11264 11314 11364 11414 11464 11514 11564 11614 11663 11713 11763 11813 11862 11912 11962 12012 12061 12111 12161 12211 12261 12310 12360 12410 12460 12510 12559 12609 12659 12709 12759 12809 12859 12909 12960 13010 13060 13111 13161 13212 13264 13316 13368 13421 13475 13529 13584 13639 13695 13750 13805 ]

5	wei4
[start = 13853]
[end = 18352]
[peaknum = 77]
[13860 13914 13969 14023 14078 14132 14186 14240 14294 14348 14402 14456 14509 14563 14617 14670 14723 14775 14827 14879 14930 14981 15032 15082 15133 15183 15234 15286 15337 15389 15441 15493 15546 15599 15652 15706 15759 15814 15868 15923 15979 16035 16091 16148 16205 16264 16322 16382 16442 16502 16563 16625 16687 16749 16812 16876 16940 17005 17070 17136 17202 17269 17336 17403 17471 17539 17607 17675 17744 17812 17880 17948 18017 18085 18153 18222 18291 ]

6	SIL
[start = 18352]
[end = 19408]

7	gai1
[start = 19408]
[end = 22032]
[peaknum = 46]
[19797 19843 19889 19936 19984 20033 20083 20132 20182 20232 20282 20332 20382 20432 20482 20531 20581 20631 20680 20730 20779 20829 20878 20927 20977 21026 21075 21124 21173 21222 21271 21320 21368 21417 21465 21513 21562 21610 21659 21707 21756 21805 21853 21902 21951 22000 ]

8	SIL
[start = 22032]
[end = 22608]

9	dao3
[start = 22608]
[end = 26282]
[peaknum = 34]
[23020 23079 23140 23202 23267 23334 23406 23480 23557 23637 23719 23805 23894 23987 24084 24187 24294 24405 24523 24647 24770 24900 25027 25150 25268 25384 25496 25606 25712 25814 25912 26008 26104 26199 ]

10	shang4
[start = 26282]
[end = 32107]
[peaknum = 46]
[27636 27697 27758 27820 27885 27952 28020 28089 28160 28232 28306 28381 28457 28534 28612 28691 28771 28853 28935 29018 29102 29187 29273 29360 29449 29540 29631 29723 29817 29912 30007 30102 30198 30294 30389 30484 30578 30673 30768 30864 30961 31060 31160 31263 31362 31459 ]

11	liang3
[start = 32107]
[end = 37600]
[peaknum = 30]
[32965 33056 33142 33225 33307 33387 33468 33548 33629 33711 33794 33877 33961 34046 34131 34218 34307 34397 34488 34582 34678 34776 34880 34990 35104 35221 35342 35465 35589 35715 ]

12	SIL
[start = 37600]
[end = 38041]

13	ge4
[start = 38041]
[end = 40824]
[peaknum = 32]
[38405 38473 38542 38612 38683 38754 38825 38896 38967 39038 39110 39182 39256 39331 39407 39483 39562 39641 39721 39803 39885 39968 40051 40133 40216 40300 40387 40474 40560 40644 40727 40809 ]

14	cun1
[start = 40824]
[end = 45197]
[peaknum = 43]
[42845 42900 42954 43007 43060 43112 43165 43218 43271 43325 43379 43433 43487 43541 43596 43650 43705 43760 43815 43870 43926 43981 44037 44093 44148 44203 44259 44314 44369 44423 44478 44533 44588 44643 44697 44752 44806 44861 44915 44970 45024 45081 45138 ]

15	zhuang1
[start = 45197]
[end = 48817]
[peaknum = 56]
[45908 45959 46009 46060 46110 46160 46211 46262 46314 46365 46417 46469 46520 46572 46624 46676 46727 46779 46830 46882 46933 46985 47036 47087 47139 47190 47242 47293 47344 47396 47447 47499 47551 47604 47655 47707 47758 47809 47860 47911 47962 48013 48064 48115 48167 48219 48272 48324 48378 48432 48488 48545 48603 48660 48718 48775 ]

16	de5
[start = 48817]
[end = 50912]
[peaknum = 26]
[48832 48888 48943 48997 49052 49109 49169 49231 49296 49363 49433 49506 49583 49663 49747 49834 49924 50018 50115 50216 50318 50420 50524 50634 50738 50834 ]

17	SIL
[start = 50912]
[end = 51481]

18	ju1
[start = 51481]
[end = 54912]
[peaknum = 30]
[53421 53475 53530 53584 53638 53691 53744 53796 53848 53899 53950 54001 54052 54102 54152 54202 54252 54301 54351 54400 54450 54499 54548 54597 54647 54696 54746 54796 54846 54896 ]

19	min2
[start = 54912]
[end = 61728]
[peaknum = 84]
[54946 54996 55047 55097 55148 55199 55250 55302 55354 55406 55458 55511 55564 55618 55672 55726 55781 55837 55894 55951 56010 56069 56130 56191 56253 56317 56382 56448 56515 56584 56656 56730 56806 56885 56967 57052 57139 57229 57321 57415 57513 57616 57722 57831 57941 58052 58163 58274 58383 58493 58601 58710 58818 58927 59036 59144 59253 59361 59469 59576 59682 59788 59894 60000 60104 60204 60302 60397 60488 60578 60665 60750 60835 60918 61001 61082 61162 61242 61320 61397 61471 61544 61616 61686 ]

20	SIL
[start = 61728]
[end = 64256]

21	mei3
[start = 64256]
[end = 67997]
[peaknum = 38]
[64486 64559 64633 64707 64782 64857 64933 65013 65094 65176 65259 65343 65427 65513 65600 65689 65779 65870 65963 66058 66154 66252 66351 66451 66553 66657 66762 66867 66974 67082 67190 67299 67406 67513 67620 67727 67834 67942 ]

22	ren2
[start = 67997]
[end = 72903]
[peaknum = 59]
[68051 68161 68272 68381 68488 68593 68695 68798 68902 69008 69114 69219 69326 69432 69539 69646 69753 69860 69966 70072 70178 70282 70386 70488 70588 70684 70776 70865 70951 71034 71116 71195 71271 71346 71419 71489 71559 71627 71693 71759 71824 71887 71950 72012 72073 72133 72193 72252 72310 72368 72426 72483 72540 72597 72654 72711 72768 72825 72882 ]

23	mai3
[start = 72903]
[end = 76706]
[peaknum = 41]
[72939 72995 73050 73107 73164 73222 73280 73339 73399 73462 73526 73592 73660 73731 73805 73882 73964 74051 74142 74236 74333 74435 74540 74648 74759 74873 74989 75107 75227 75348 75468 75586 75703 75819 75934 76049 76165 76280 76396 76514 76631 ]

24	yi2
[start = 76706]
[end = 78608]
[peaknum = 20]
[76747 76861 76972 77080 77186 77288 77388 77485 77581 77675 77769 77861 77954 78047 78139 78233 78328 78424 78518 78604 ]

25	SIL
[start = 78608]
[end = 79104]

26	kuai4
[start = 79104]
[end = 82411]
[peaknum = 26]
[80598 80660 80720 80779 80837 80895 80954 81015 81077 81141 81207 81275 81344 81416 81489 81564 81641 81719 81798 81878 81959 82040 82123 82206 82289 82374 ]

27	mian4
[start = 82411]
[end = 86800]
[peaknum = 51]
[82461 82546 82630 82713 82796 82878 82960 83040 83121 83200 83278 83354 83429 83503 83575 83647 83717 83787 83857 83926 83995 84064 84133 84202 84272 84342 84413 84485 84558 84633 84709 84788 84869 84953 85040 85131 85225 85322 85423 85527 85643 85759 85869 85985 86105 86224 86341 86454 86563 86666 86761 ]

28	SIL
[start = 86800]
[end = 87632]

29	bao1
[start = 87632]
[end = 91968]
[peaknum = 64]
[87806 87868 87931 87995 88061 88128 88194 88260 88326 88391 88457 88522 88587 88652 88716 88780 88844 88908 88972 89036 89100 89163 89227 89291 89354 89417 89481 89544 89608 89671 89734 89797 89860 89922 89985 90047 90110 90172 90234 90295 90357 90418 90479 90540 90601 90661 90722 90782 90842 90902 90962 91023 91083 91144 91204 91265 91326 91386 91446 91505 91565 91623 91682 91740 ]

30	SIL
[start = 91968]
[end = 93187]

