[SampleRate = 16000]
[ElementNum = 30]
1	SIL
[start = 0]
[end = 1453]

2	bu4
[start = 1453]
[end = 3184]
[peaknum = 37]
[1615 1652 1689 1727 1766 1807 1848 1889 1931 1973 2014 2056 2098 2140 2181 2223 2265 2307 2349 2392 2434 2478 2521 2565 2609 2654 2699 2745 2792 2839 2887 2936 2985 3034 3083 3132 3181 ]

3	SIL
[start = 3184]
[end = 3456]

4	jiu3
[start = 3456]
[end = 9781]
[peaknum = 49]
[4659 4726 4794 4865 4936 5008 5081 5154 5228 5301 5375 5450 5526 5604 5684 5767 5851 5937 6024 6113 6205 6299 6396 6494 6594 6696 6800 6905 7012 7120 7229 7339 7450 7562 7676 7788 7900 8011 8121 8230 8338 8447 8555 8663 8773 8885 9001 9122 9231 ]

5	SIL
[start = 9781]
[end = 10339]

6	ying1
[start = 10339]
[end = 14144]
[peaknum = 54]
[11536 11585 11634 11683 11731 11779 11827 11876 11924 11972 12020 12068 12115 12163 12210 12258 12305 12352 12399 12447 12494 12541 12589 12636 12684 12731 12778 12826 12873 12920 12967 13014 13061 13108 13155 13202 13249 13296 13343 13389 13436 13483 13529 13576 13623 13669 13716 13763 13810 13858 13906 13955 14004 14053 ]

7	SIL
[start = 14144]
[end = 14320]

8	guo2
[start = 14320]
[end = 18150]
[peaknum = 42]
[14895 14952 15010 15070 15133 15198 15264 15332 15401 15474 15550 15629 15710 15793 15878 15964 16052 16142 16233 16325 16417 16508 16599 16689 16778 16866 16952 17037 17121 17203 17283 17361 17438 17513 17586 17659 17731 17803 17874 17946 18018 18092 ]

9	hai3
[start = 18150]
[end = 22640]
[peaknum = 13]
[20537 20619 20704 20793 20886 20983 21087 21197 21311 21427 21544 21663 21786 ]

10	SIL
[start = 22640]
[end = 23424]

11	jun1
[start = 23424]
[end = 26447]
[peaknum = 33]
[24199 24271 24343 24415 24486 24557 24628 24699 24769 24840 24910 24981 25051 25120 25190 25259 25328 25397 25465 25533 25601 25669 25736 25803 25870 25937 26003 26069 26134 26199 26264 26329 26394 ]

12	shang4
[start = 26447]
[end = 31096]
[peaknum = 52]
[27873 27921 27969 28018 28066 28115 28164 28214 28265 28316 28367 28419 28471 28523 28575 28627 28681 28734 28788 28843 28898 28953 29010 29067 29125 29184 29244 29305 29367 29430 29494 29558 29624 29691 29759 29828 29899 29971 30045 30120 30195 30270 30346 30422 30499 30575 30651 30728 30804 30880 30955 31031 ]

13	jiang4
[start = 31096]
[end = 37016]
[peaknum = 62]
[32000 32058 32117 32176 32235 32294 32354 32413 32472 32532 32591 32650 32710 32770 32831 32893 32955 33018 33081 33146 33210 33276 33342 33409 33476 33545 33613 33683 33753 33823 33895 33967 34040 34114 34188 34263 34339 34415 34492 34570 34649 34728 34808 34889 34970 35052 35135 35218 35301 35385 35469 35553 35637 35721 35805 35889 35972 36055 36138 36221 36306 36393 ]

14	wei1
[start = 37016]
[end = 41707]
[peaknum = 81]
[37601 37686 37764 37838 37907 37974 38040 38104 38167 38228 38288 38347 38403 38458 38511 38563 38614 38663 38712 38761 38809 38857 38904 38951 38998 39045 39092 39138 39185 39232 39278 39325 39371 39418 39464 39511 39557 39604 39650 39697 39743 39789 39836 39882 39929 39975 40022 40068 40115 40162 40208 40255 40301 40348 40394 40441 40487 40534 40581 40628 40674 40721 40767 40814 40860 40906 40953 41000 41047 41094 41143 41193 41243 41295 41346 41399 41451 41504 41558 41613 41669 ]

15	lian2
[start = 41707]
[end = 46894]
[peaknum = 64]
[41726 41783 41841 41899 41958 42018 42080 42143 42207 42273 42340 42407 42476 42547 42618 42692 42766 42843 42922 43003 43086 43172 43259 43347 43436 43526 43616 43708 43801 43894 43988 44083 44179 44276 44374 44474 44575 44676 44777 44877 44977 45077 45178 45277 45370 45459 45545 45628 45709 45787 45864 45938 46011 46082 46153 46223 46292 46362 46438 46521 46600 46678 46756 46834 ]

16	SIL
[start = 46894]
[end = 47328]

17	dan4
[start = 47328]
[end = 50292]
[peaknum = 49]
[47533 47580 47627 47674 47721 47769 47817 47865 47913 47961 48009 48057 48105 48153 48202 48250 48298 48347 48396 48445 48495 48545 48595 48646 48698 48750 48802 48855 48909 48964 49019 49076 49134 49193 49254 49317 49381 49445 49510 49574 49639 49703 49768 49833 49898 49962 50027 50093 50160 ]

18	pi1
[start = 50292]
[end = 54281]
[peaknum = 37]
[52489 52538 52587 52635 52683 52732 52780 52829 52878 52928 52977 53026 53076 53125 53174 53223 53272 53321 53370 53419 53468 53517 53565 53614 53663 53712 53760 53809 53858 53907 53955 54004 54054 54103 54153 54203 54253 ]

19	er3
[start = 54281]
[end = 58827]
[peaknum = 48]
[54304 54354 54406 54457 54509 54562 54615 54668 54722 54777 54833 54889 54946 55004 55063 55123 55183 55245 55309 55374 55440 55508 55577 55648 55722 55800 55880 55964 56053 56145 56241 56342 56446 56556 56669 56786 56906 57026 57146 57265 57385 57510 57630 57741 57851 57964 58078 58187 ]

20	SIL
[start = 58827]
[end = 64592]

21	jin4
[start = 64592]
[end = 67168]
[peaknum = 31]
[65454 65501 65548 65596 65645 65694 65743 65793 65842 65892 65943 65994 66046 66098 66151 66204 66259 66314 66370 66427 66485 66544 66604 66666 66729 66793 66858 66924 66992 67062 67134 ]

22	xing2
[start = 67168]
[end = 73136]
[peaknum = 52]
[69164 69239 69316 69394 69473 69552 69632 69712 69794 69876 69958 70040 70123 70206 70289 70372 70456 70539 70623 70707 70791 70875 70959 71043 71127 71211 71294 71377 71460 71542 71623 71704 71785 71864 71943 72021 72098 72173 72248 72321 72393 72463 72533 72602 72669 72736 72801 72866 72932 72997 73063 73129 ]

23	si1
[start = 73136]
[end = 77696]
[peaknum = 38]
[76012 76055 76098 76141 76184 76228 76272 76316 76359 76403 76447 76490 76534 76577 76621 76665 76708 76752 76795 76839 76883 76926 76971 77015 77059 77104 77149 77194 77239 77285 77331 77377 77423 77470 77518 77566 77616 77667 ]

24	ren2
[start = 77696]
[end = 81776]
[peaknum = 45]
[78248 78303 78359 78415 78472 78530 78590 78652 78717 78785 78856 78930 79007 79087 79169 79255 79343 79434 79527 79621 79716 79812 79908 80004 80100 80194 80288 80380 80471 80560 80648 80735 80820 80905 80988 81069 81148 81225 81300 81373 81444 81515 81585 81656 81727 ]

25	hai3
[start = 81776]
[end = 86392]
[peaknum = 27]
[83847 83920 83991 84061 84132 84205 84282 84361 84442 84527 84615 84705 84797 84892 84991 85095 85200 85309 85422 85534 85648 85761 85876 85992 86108 86226 86348 ]

26	yang2
[start = 86392]
[end = 89844]
[peaknum = 35]
[86472 86593 86708 86820 86929 87039 87148 87260 87373 87488 87602 87716 87830 87942 88052 88160 88266 88370 88471 88569 88665 88757 88846 88931 89013 89092 89167 89241 89312 89382 89450 89516 89582 89649 89716 ]

27	kao3
[start = 89844]
[end = 93552]
[peaknum = 10]
[92328 92434 92545 92661 92779 92908 93041 93214 93351 93512 ]

28	SIL
[start = 93552]
[end = 93888]

29	cha2
[start = 93888]
[end = 101200]
[peaknum = 47]
[96514 96617 96723 96832 96941 97052 97164 97279 97396 97514 97632 97751 97871 97992 98112 98232 98351 98469 98586 98702 98818 98931 99042 99151 99258 99362 99465 99566 99666 99766 99864 99962 100059 100155 100249 100340 100430 100514 100593 100669 100743 100815 100886 100956 101025 101092 101158 ]

30	SIL
[start = 101200]
[end = 103009]

