[SampleRate = 16000]
[ElementNum = 34]
1	SIL
[start = 0]
[end = 2000]

2	di4
[start = 2000]
[end = 4160]
[peaknum = 41]
[2241 2281 2321 2361 2401 2443 2484 2526 2568 2610 2653 2695 2738 2781 2824 2867 2911 2955 2999 3043 3088 3134 3180 3226 3273 3320 3368 3416 3465 3514 3565 3616 3668 3722 3776 3832 3889 3947 4007 4068 4130 ]

3	SIL
[start = 4160]
[end = 4558]

4	qiu2
[start = 4558]
[end = 10576]
[peaknum = 48]
[6572 6646 6723 6804 6888 6973 7060 7147 7236 7325 7415 7506 7597 7689 7780 7871 7962 8053 8144 8236 8328 8420 8512 8604 8696 8787 8878 8967 9056 9144 9231 9318 9403 9487 9569 9649 9728 9804 9878 9951 10023 10092 10160 10226 10292 10356 10421 10486 ]

5	SIL
[start = 10576]
[end = 10958]

6	ceng2
[start = 10958]
[end = 14463]
[peaknum = 25]
[12472 12550 12626 12700 12772 12847 12923 13003 13087 13172 13258 13345 13434 13523 13612 13699 13785 13870 13953 14035 14116 14199 14282 14365 14445 ]

7	jing1
[start = 14463]
[end = 17518]
[peaknum = 33]
[15232 15297 15364 15431 15500 15569 15638 15708 15778 15849 15919 15990 16060 16131 16201 16271 16341 16410 16480 16550 16619 16689 16758 16828 16897 16967 17037 17107 17177 17248 17319 17392 17469 ]

8	fa1
[start = 17518]
[end = 20596]
[peaknum = 34]
[18577 18635 18693 18751 18811 18870 18930 18991 19051 19111 19171 19231 19291 19351 19411 19471 19530 19590 19649 19709 19769 19829 19889 19950 20011 20073 20135 20197 20259 20321 20383 20446 20509 20573 ]

9	sheng1
[start = 20596]
[end = 24482]
[peaknum = 42]
[22085 22139 22192 22247 22302 22357 22413 22469 22525 22582 22639 22695 22752 22810 22867 22924 22982 23039 23097 23155 23212 23270 23328 23386 23444 23503 23561 23619 23677 23735 23793 23852 23910 23969 24027 24087 24146 24207 24267 24328 24390 24452 ]

10	SIL
[start = 24482]
[end = 24878]

11	guo5
[start = 24878]
[end = 28436]
[peaknum = 39]
[25332 25396 25458 25520 25582 25644 25707 25771 25835 25901 25967 26035 26104 26175 26249 26324 26402 26482 26563 26646 26731 26817 26905 26994 27086 27179 27273 27368 27463 27559 27655 27751 27846 27940 28031 28119 28208 28298 28388 ]

12	xu3
[start = 28436]
[end = 33024]
[peaknum = 13]
[31363 31448 31534 31622 31712 31805 31902 32006 32118 32237 32360 32486 32612 ]

13	SIL
[start = 33024]
[end = 33808]

14	duo1
[start = 33808]
[end = 36352]
[peaknum = 36]
[34075 34147 34217 34288 34358 34427 34495 34563 34630 34697 34764 34829 34895 34960 35025 35089 35152 35216 35279 35341 35404 35466 35528 35590 35651 35713 35774 35835 35895 35955 36015 36075 36134 36195 36255 36319 ]

15	SIL
[start = 36352]
[end = 36778]

16	ci4
[start = 36778]
[end = 41664]
[peaknum = 31]
[39205 39259 39315 39373 39435 39500 39566 39635 39704 39776 39849 39924 40001 40080 40161 40245 40330 40416 40503 40591 40679 40767 40856 40944 41032 41120 41207 41293 41379 41464 41546 ]

17	SIL
[start = 41664]
[end = 42928]

18	da4
[start = 42928]
[end = 46352]
[peaknum = 53]
[43216 43263 43309 43356 43402 43449 43495 43542 43589 43636 43682 43729 43776 43823 43870 43917 43965 44012 44060 44108 44156 44205 44253 44303 44353 44403 44454 44506 44558 44611 44665 44720 44776 44834 44892 44952 45013 45075 45139 45204 45271 45340 45411 45483 45557 45633 45710 45788 45867 45947 46028 46111 46196 ]

19	SIL
[start = 46352]
[end = 46816]

20	gui1
[start = 46816]
[end = 49327]
[peaknum = 34]
[47360 47423 47486 47549 47611 47673 47734 47795 47856 47917 47978 48038 48098 48158 48218 48278 48337 48397 48456 48515 48573 48632 48690 48748 48806 48864 48922 48979 49037 49094 49152 49209 49266 49325 ]

21	mo2
[start = 49327]
[end = 54081]
[peaknum = 61]
[49383 49442 49500 49559 49617 49676 49734 49793 49853 49912 49973 50034 50095 50158 50221 50286 50351 50418 50485 50554 50623 50693 50764 50836 50910 50986 51063 51141 51221 51303 51387 51473 51561 51650 51742 51838 51938 52040 52143 52246 52348 52448 52548 52647 52745 52840 52932 53021 53108 53192 53273 53352 53428 53503 53577 53650 53722 53794 53866 53938 54012 ]

22	huo3
[start = 54081]
[end = 58416]
[peaknum = 11]
[56247 56321 56403 56488 56577 56674 56767 56865 56975 57092 57215 ]

23	shan1
[start = 58416]
[end = 64496]
[peaknum = 72]
[60161 60222 60282 60341 60401 60461 60520 60580 60641 60701 60761 60822 60883 60943 61004 61066 61127 61188 61249 61310 61371 61433 61494 61555 61616 61677 61738 61799 61860 61920 61981 62041 62102 62162 62223 62283 62344 62404 62465 62525 62585 62645 62705 62764 62824 62885 62946 63006 63067 63127 63187 63247 63307 63367 63426 63485 63544 63603 63662 63721 63779 63837 63896 63954 64012 64070 64128 64185 64242 64299 64356 64414 ]

24	SIL
[start = 64496]
[end = 68160]

25	huo4
[start = 68160]
[end = 72736]
[peaknum = 44]
[69272 69335 69398 69462 69527 69593 69660 69729 69799 69870 69943 70017 70093 70169 70247 70325 70404 70485 70568 70651 70736 70823 70910 70998 71087 71176 71264 71352 71440 71527 71615 71704 71793 71882 71970 72058 72145 72229 72311 72392 72472 72551 72629 72708 ]

26	hai2
[start = 72736]
[end = 76992]
[peaknum = 33]
[74453 74531 74610 74690 74773 74858 74945 75033 75122 75211 75300 75388 75475 75561 75646 75729 75811 75891 75969 76046 76120 76192 76262 76330 76397 76462 76527 76591 76655 76718 76781 76844 76907 ]

27	SIL
[start = 76992]
[end = 77536]

28	di3
[start = 77536]
[end = 80343]
[peaknum = 23]
[78069 78144 78220 78298 78379 78463 78550 78640 78734 78831 78932 79036 79147 79262 79380 79500 79617 79731 79841 79950 80058 80167 80277 ]

29	wen1
[start = 80343]
[end = 83985]
[peaknum = 58]
[80387 80493 80595 80693 80785 80874 80959 81040 81119 81195 81269 81339 81407 81474 81539 81603 81665 81727 81788 81849 81908 81968 82027 82086 82144 82202 82259 82317 82374 82431 82488 82545 82602 82659 82716 82772 82827 82882 82937 82991 83045 83099 83152 83206 83259 83312 83364 83417 83469 83522 83574 83626 83678 83730 83782 83835 83889 83944 ]

30	quan2
[start = 83985]
[end = 89120]
[peaknum = 27]
[86449 86539 86632 86729 86831 86939 87052 87170 87292 87416 87539 87659 87777 87891 88003 88112 88216 88315 88409 88498 88583 88666 88747 88827 88906 88985 89065 ]

31	huo2
[start = 89120]
[end = 92240]
[peaknum = 11]
[90861 90967 91086 91215 91350 91488 91616 91745 91872 91999 92116 ]

32	SIL
[start = 92240]
[end = 92560]

33	dong4
[start = 92560]
[end = 95920]
[peaknum = 15]
[93026 93120 93217 93315 93415 93516 93619 93723 93831 93940 94052 94169 94295 94430 94582 ]

34	SIL
[start = 95920]
[end = 97739]

