[SampleRate = 16000]
[ElementNum = 30]
1	SIL
[start = 0]
[end = 1212]

2	xi2
[start = 1212]
[end = 4815]
[peaknum = 28]
[3028 3095 3161 3229 3296 3364 3432 3500 3568 3636 3703 3770 3837 3904 3970 4035 4100 4164 4227 4290 4351 4412 4473 4534 4594 4654 4714 4773 ]

3	shang4
[start = 4815]
[end = 10848]
[peaknum = 79]
[6090 6134 6179 6224 6269 6316 6362 6409 6456 6503 6551 6599 6647 6695 6744 6793 6842 6892 6941 6991 7042 7092 7143 7194 7246 7298 7351 7404 7458 7512 7566 7621 7677 7733 7790 7847 7905 7963 8022 8082 8142 8203 8265 8327 8390 8453 8518 8583 8650 8717 8785 8854 8923 8994 9065 9137 9209 9282 9355 9429 9502 9576 9650 9724 9798 9871 9945 10018 10090 10163 10236 10308 10381 10454 10528 10603 10680 10757 10836 ]

4	hong2
[start = 10848]
[end = 15648]
[peaknum = 43]
[12641 12716 12792 12870 12948 13028 13109 13190 13272 13354 13437 13520 13602 13685 13766 13848 13928 14007 14086 14163 14239 14314 14387 14459 14529 14598 14665 14731 14795 14857 14917 14976 15033 15089 15145 15201 15257 15314 15370 15427 15483 15539 15595 ]

5	hong2
[start = 15648]
[end = 20626]
[peaknum = 42]
[17463 17538 17615 17697 17781 17868 17956 18045 18135 18226 18316 18405 18494 18581 18667 18752 18835 18917 18999 19079 19158 19237 19315 19391 19467 19542 19616 19689 19761 19831 19901 19969 20036 20102 20167 20231 20294 20357 20419 20481 20544 20606 ]

6	lv4
[start = 20626]
[end = 24363]
[peaknum = 63]
[20667 20727 20784 20837 20890 20942 20994 21046 21098 21149 21201 21253 21304 21356 21407 21459 21510 21561 21613 21665 21717 21769 21822 21875 21929 21983 22037 22093 22149 22206 22264 22323 22383 22444 22506 22569 22633 22698 22764 22830 22897 22965 23033 23102 23171 23239 23307 23375 23442 23508 23575 23641 23707 23773 23837 23901 23964 24026 24087 24147 24206 24265 24323 ]

7	lv4
[start = 24363]
[end = 28960]
[peaknum = 62]
[24381 24437 24492 24546 24598 24651 24703 24755 24806 24858 24909 24961 25012 25063 25115 25166 25217 25269 25320 25372 25424 25476 25529 25581 25634 25688 25742 25796 25851 25907 25963 26020 26077 26135 26195 26255 26316 26379 26442 26507 26573 26640 26708 26778 26850 26923 26998 27074 27152 27233 27315 27400 27487 27579 27674 27772 27875 27982 28090 28195 28298 28402 ]

8	SIL
[start = 28960]
[end = 31728]

9	you3
[start = 31728]
[end = 37221]
[peaknum = 55]
[32047 32124 32205 32291 32379 32468 32557 32645 32731 32816 32900 32983 33066 33152 33240 33328 33417 33506 33597 33691 33785 33880 33977 34075 34174 34274 34376 34479 34582 34686 34791 34895 35001 35106 35212 35319 35426 35533 35638 35743 35846 35948 36050 36153 36256 36360 36464 36564 36661 36756 36850 36942 37034 37124 37214 ]

10	lu4
[start = 37221]
[end = 40304]
[peaknum = 37]
[37301 37387 37470 37549 37623 37692 37761 37830 37898 37965 38032 38099 38166 38234 38303 38372 38442 38514 38587 38662 38738 38816 38896 38979 39064 39150 39238 39327 39416 39505 39594 39682 39770 39856 39943 40030 40117 ]

11	SIL
[start = 40304]
[end = 41248]

12	bian1
[start = 41248]
[end = 47424]
[peaknum = 108]
[41427 41485 41542 41600 41658 41717 41776 41835 41893 41951 42009 42066 42124 42181 42238 42295 42352 42408 42464 42521 42577 42633 42688 42744 42799 42854 42909 42964 43019 43074 43128 43182 43236 43290 43344 43398 43452 43506 43560 43614 43667 43721 43775 43829 43883 43937 43991 44045 44099 44153 44207 44261 44315 44369 44423 44478 44532 44586 44640 44693 44747 44801 44855 44908 44962 45015 45069 45122 45176 45229 45283 45336 45390 45443 45497 45550 45604 45657 45711 45765 45820 45875 45929 45984 46038 46092 46146 46200 46254 46307 46361 46415 46469 46523 46577 46631 46685 46740 46794 46849 46905 46961 47018 47077 47137 47199 47262 47325 ]

13	SIL
[start = 47424]
[end = 48528]

14	you3
[start = 48528]
[end = 52720]
[peaknum = 42]
[48671 48737 48805 48878 48953 49030 49108 49186 49265 49346 49428 49513 49599 49687 49775 49861 49945 50028 50114 50203 50293 50384 50477 50572 50668 50767 50868 50971 51078 51189 51302 51417 51534 51652 51770 51892 52016 52137 52242 52343 52443 52544 ]

15	SIL
[start = 52720]
[end = 53664]

16	tuo2
[start = 53664]
[end = 57792]
[peaknum = 24]
[55678 55768 55860 55953 56046 56138 56230 56321 56411 56500 56587 56673 56759 56844 56926 57007 57086 57162 57236 57307 57374 57441 57506 57570 ]

17	SIL
[start = 57792]
[end = 58336]

18	ti2
[start = 58336]
[end = 64944]
[peaknum = 57]
[60151 60232 60315 60402 60489 60577 60666 60756 60847 60938 61031 61125 61218 61312 61407 61501 61596 61691 61787 61882 61978 62073 62167 62262 62355 62448 62541 62633 62725 62816 62906 62995 63084 63171 63257 63342 63426 63508 63589 63669 63748 63825 63902 63978 64053 64127 64200 64272 64343 64413 64483 64551 64618 64684 64749 64814 64878 ]

19	SIL
[start = 64944]
[end = 68928]

20	you3
[start = 68928]
[end = 72364]
[peaknum = 36]
[68975 69051 69129 69210 69292 69375 69457 69541 69624 69705 69785 69863 69942 70022 70105 70193 70282 70372 70463 70557 70654 70753 70855 70959 71067 71179 71296 71418 71543 71668 71790 71909 72021 72124 72223 72314 ]

21	fei1
[start = 72364]
[end = 76715]
[peaknum = 48]
[74394 74445 74495 74546 74597 74648 74698 74749 74799 74850 74900 74950 75000 75050 75100 75150 75200 75250 75299 75349 75399 75449 75498 75548 75597 75647 75696 75745 75794 75843 75892 75940 75988 76035 76083 76130 76176 76223 76269 76315 76362 76408 76454 76500 76547 76595 76643 76694 ]

22	long2
[start = 76715]
[end = 83440]
[peaknum = 85]
[76745 76796 76847 76897 76948 76999 77050 77101 77153 77206 77260 77314 77369 77424 77480 77536 77592 77649 77707 77765 77825 77886 77949 78014 78083 78154 78229 78309 78394 78485 78581 78681 78784 78890 78996 79102 79209 79315 79422 79529 79637 79745 79854 79962 80070 80178 80286 80391 80496 80601 80705 80808 80911 81012 81111 81209 81305 81399 81490 81580 81668 81755 81840 81923 82004 82084 82162 82238 82314 82388 82461 82533 82604 82674 82743 82811 82879 82946 83013 83078 83143 83207 83271 83336 83401 ]

23	SIL
[start = 83440]
[end = 83902]

24	hai2
[start = 83902]
[end = 87411]
[peaknum = 17]
[85960 86048 86136 86226 86316 86406 86497 86589 86680 86771 86862 86951 87039 87127 87213 87297 87380 ]

25	you3
[start = 87411]
[end = 90895]
[peaknum = 43]
[87462 87543 87623 87702 87780 87859 87939 88019 88099 88180 88262 88343 88425 88507 88590 88674 88758 88843 88928 89013 89099 89186 89272 89358 89444 89529 89613 89696 89776 89856 89934 90010 90087 90163 90239 90316 90394 90473 90555 90638 90721 90804 90887 ]

26	ye3
[start = 90895]
[end = 93680]
[peaknum = 21]
[90969 91051 91132 91213 91294 91376 91459 91541 91624 91707 91791 91876 91962 92049 92139 92233 92330 92433 92538 92650 92767 ]

27	SIL
[start = 93680]
[end = 93942]

28	feng4
[start = 93942]
[end = 98642]
[peaknum = 43]
[95827 95878 95929 95980 96030 96080 96130 96180 96230 96280 96330 96381 96431 96482 96533 96585 96637 96689 96742 96796 96851 96907 96964 97021 97080 97141 97202 97265 97330 97396 97464 97533 97604 97678 97754 97834 97915 98000 98088 98180 98276 98377 98483 ]

29	huang2
[start = 98642]
[end = 106352]
[peaknum = 58]
[100322 100419 100519 100621 100725 100830 100935 101043 101153 101266 101382 101498 101613 101729 101846 101966 102088 102211 102336 102459 102580 102700 102821 102939 103056 103173 103290 103407 103523 103637 103751 103864 103976 104087 104197 104306 104411 104514 104614 104712 104808 104903 104996 105088 105177 105264 105350 105434 105516 105598 105678 105756 105833 105910 105985 106061 106137 106212 ]

30	SIL
[start = 106352]
[end = 108758]

