[SampleRate = 16000]
[ElementNum = 34]
1	SIL
[start = 0]
[end = 1328]

2	zhu3
[start = 1328]
[end = 5456]
[peaknum = 35]
[2430 2489 2549 2611 2675 2740 2805 2871 2938 3006 3076 3147 3219 3292 3366 3441 3516 3592 3668 3745 3823 3901 3979 4058 4137 4217 4297 4377 4457 4536 4616 4697 4779 4860 4938 ]

3	SIL
[start = 5456]
[end = 5744]

4	ban4
[start = 5744]
[end = 9295]
[peaknum = 62]
[6092 6138 6184 6229 6275 6320 6365 6410 6455 6500 6544 6588 6633 6677 6721 6765 6809 6852 6896 6940 6984 7028 7072 7116 7161 7205 7249 7293 7338 7382 7427 7473 7518 7564 7611 7658 7705 7753 7802 7852 7902 7953 8006 8059 8113 8169 8226 8284 8344 8406 8468 8532 8598 8664 8732 8801 8871 8943 9017 9092 9168 9246 ]

5	ren2
[start = 9295]
[end = 13759]
[peaknum = 49]
[9325 9405 9486 9567 9649 9732 9816 9901 9988 10077 10167 10258 10351 10445 10541 10638 10736 10835 10934 11033 11133 11233 11333 11433 11532 11632 11731 11830 11928 12026 12123 12220 12315 12411 12506 12600 12694 12787 12878 12969 13058 13144 13228 13311 13391 13470 13547 13623 13700 ]

6	shi4
[start = 13759]
[end = 17565]
[peaknum = 28]
[15851 15907 15964 16022 16080 16139 16198 16257 16316 16375 16435 16495 16555 16616 16677 16738 16799 16861 16924 16986 17049 17112 17176 17240 17304 17368 17433 17501 ]

7	yi4
[start = 17565]
[end = 20000]
[peaknum = 27]
[18251 18307 18364 18421 18478 18536 18594 18653 18711 18770 18830 18891 18953 19015 19079 19144 19210 19278 19346 19416 19487 19560 19635 19713 19793 19874 19954 ]

8	SIL
[start = 20000]
[end = 20346]

9	qun2
[start = 20346]
[end = 26608]
[peaknum = 51]
[22448 22520 22595 22673 22752 22833 22916 23001 23086 23173 23261 23349 23438 23527 23616 23706 23796 23886 23976 24067 24157 24247 24338 24428 24519 24609 24699 24789 24880 24969 25058 25145 25230 25314 25398 25480 25562 25642 25721 25799 25874 25948 26019 26089 26157 26224 26289 26354 26418 26483 26549 ]

10	SIL
[start = 26608]
[end = 27552]

11	bu4
[start = 27552]
[end = 29376]
[peaknum = 31]
[28010 28052 28094 28135 28178 28220 28264 28307 28350 28393 28436 28479 28522 28565 28609 28652 28696 28740 28784 28828 28872 28916 28961 29006 29052 29098 29144 29191 29239 29288 29337 ]

12	SIL
[start = 29376]
[end = 30064]

13	ken3
[start = 30064]
[end = 34496]
[peaknum = 26]
[31708 31787 31866 31945 32025 32107 32192 32281 32374 32470 32571 32678 32789 32905 33024 33144 33264 33381 33499 33617 33736 33857 33979 34100 34219 34333 ]

14	SIL
[start = 34496]
[end = 34768]

15	zai4
[start = 34768]
[end = 39664]
[peaknum = 46]
[35514 35589 35665 35742 35820 35900 35982 36064 36149 36234 36321 36408 36497 36587 36678 36770 36862 36956 37050 37144 37240 37335 37431 37528 37625 37724 37822 37922 38022 38122 38223 38323 38424 38524 38623 38721 38819 38915 39011 39107 39205 39304 39398 39488 39575 39658 ]

16	SIL
[start = 39664]
[end = 40256]

17	guan1
[start = 40256]
[end = 43692]
[peaknum = 49]
[40494 40554 40613 40672 40731 40789 40848 40907 40966 41025 41084 41144 41203 41263 41322 41382 41441 41501 41560 41619 41678 41737 41796 41856 41915 41974 42033 42092 42151 42210 42270 42329 42389 42448 42507 42566 42625 42683 42742 42800 42859 42917 42975 43033 43091 43149 43208 43268 43329 ]

18	fang1
[start = 43692]
[end = 47888]
[peaknum = 57]
[44661 44712 44764 44816 44869 44923 44978 45032 45088 45143 45199 45255 45311 45367 45424 45481 45537 45594 45651 45707 45764 45820 45877 45933 45990 46046 46102 46159 46215 46271 46327 46383 46438 46494 46550 46606 46662 46717 46773 46829 46884 46940 46996 47052 47109 47165 47221 47277 47333 47388 47444 47500 47556 47611 47668 47725 47782 ]

19	SIL
[start = 47888]
[end = 48768]

20	ba1
[start = 48768]
[end = 52768]
[peaknum = 74]
[48982 49029 49077 49126 49175 49224 49274 49323 49373 49423 49474 49524 49574 49624 49675 49725 49776 49826 49877 49927 49978 50029 50079 50130 50180 50230 50281 50331 50381 50431 50480 50530 50580 50629 50678 50728 50777 50826 50876 50925 50974 51023 51072 51121 51171 51220 51269 51319 51368 51418 51467 51517 51567 51617 51668 51718 51769 51821 51873 51925 51978 52031 52085 52140 52196 52252 52310 52368 52427 52488 52551 52615 52682 52750 ]

21	li2
[start = 52768]
[end = 56610]
[peaknum = 44]
[52821 52895 52969 53041 53114 53188 53264 53340 53418 53498 53578 53661 53744 53830 53916 54005 54095 54186 54279 54372 54466 54560 54657 54754 54853 54951 55049 55147 55244 55339 55434 55527 55621 55713 55804 55894 55982 56068 56153 56237 56319 56401 56483 56564 ]

22	sha1
[start = 56610]
[end = 62000]
[peaknum = 65]
[58876 58925 58973 59021 59069 59118 59167 59215 59264 59313 59362 59411 59460 59509 59558 59607 59656 59705 59754 59803 59852 59902 59951 59999 60048 60097 60146 60194 60243 60291 60340 60388 60436 60484 60533 60581 60628 60676 60724 60772 60820 60867 60915 60962 61010 61057 61104 61152 61199 61247 61295 61343 61391 61440 61488 61538 61587 61637 61687 61737 61788 61839 61891 61943 61996 ]

23	long2
[start = 62000]
[end = 68417]
[peaknum = 65]
[62050 62105 62161 62218 62276 62335 62396 62458 62522 62586 62652 62719 62787 62858 62932 63009 63091 63176 63265 63359 63457 63561 63672 63784 63898 64013 64128 64243 64359 64474 64588 64702 64816 64929 65042 65153 65263 65372 65480 65587 65693 65799 65903 66007 66109 66209 66306 66401 66493 66583 66672 66760 66847 66932 67017 67101 67184 67266 67346 67425 67503 67581 67659 67737 67815 ]

24	zhan3
[start = 68417]
[end = 71784]
[peaknum = 27]
[69009 69081 69155 69231 69311 69395 69482 69572 69667 69766 69867 69972 70081 70194 70308 70423 70536 70644 70750 70855 70958 71062 71167 71274 71380 71484 71584 ]

25	chu1
[start = 71784]
[end = 75520]
[peaknum = 23]
[73794 73856 73921 73992 74064 74135 74205 74275 74345 74415 74486 74556 74626 74696 74765 74835 74904 74974 75043 75112 75182 75252 75322 ]

26	SIL
[start = 75520]
[end = 76160]

27	zuo4
[start = 76160]
[end = 79488]
[peaknum = 50]
[76983 77028 77074 77119 77164 77209 77254 77299 77344 77388 77433 77478 77522 77567 77612 77656 77701 77746 77791 77836 77881 77927 77972 78018 78065 78112 78159 78207 78254 78303 78351 78400 78450 78500 78550 78601 78653 78705 78758 78812 78868 78924 78982 79041 79101 79163 79227 79293 79362 79434 ]

28	SIL
[start = 79488]
[end = 80128]

29	pin3
[start = 80128]
[end = 83994]
[peaknum = 18]
[81614 81696 81778 81858 81940 82027 82115 82207 82303 82404 82513 82630 82759 82889 83027 83166 83296 83427 ]

30	de5
[start = 83994]
[end = 85120]
[peaknum = 5]
[84563 84687 84807 84927 85046 ]

31	SIL
[start = 85120]
[end = 86128]

32	peng2
[start = 86128]
[end = 90816]
[peaknum = 23]
[88231 88336 88445 88558 88674 88793 88912 89031 89150 89269 89389 89510 89630 89749 89866 89983 90098 90211 90320 90427 90532 90634 90733 ]

33	you5
[start = 90816]
[end = 94666]
[peaknum = 36]
[90829 90922 91012 91100 91185 91268 91350 91430 91508 91586 91661 91735 91807 91879 91949 92020 92090 92160 92230 92300 92370 92441 92514 92588 92664 92743 92824 92908 92996 93087 93182 93281 93386 93495 93608 93725 ]

34	SIL
[start = 94666]
[end = 96302]

