[SampleRate = 16000]
[ElementNum = 34]
1	yin1
[start = 1104]
[end = 3910]
[peaknum = 63]
[1144 1189 1234 1279 1323 1368 1413 1459 1505 1552 1598 1644 1690 1735 1780 1825 1869 1914 1958 2002 2046 2089 2133 2176 2220 2263 2306 2350 2393 2436 2479 2522 2565 2609 2652 2695 2738 2781 2824 2867 2910 2953 2996 3040 3083 3127 3170 3214 3258 3302 3346 3391 3435 3480 3525 3571 3616 3662 3709 3756 3803 3850 3898 ]

2	er2
[start = 3910]
[end = 8059]
[peaknum = 54]
[3946 3995 4044 4094 4145 4196 4249 4302 4357 4414 4472 4532 4595 4660 4727 4796 4868 4942 5019 5098 5178 5260 5343 5427 5512 5599 5686 5773 5861 5949 6038 6127 6217 6307 6398 6488 6578 6667 6756 6844 6932 7019 7105 7190 7274 7357 7438 7518 7598 7677 7757 7836 7916 7995 ]

3	zai4
[start = 8059]
[end = 13780]
[peaknum = 65]
[9001 9053 9107 9162 9220 9279 9339 9400 9462 9525 9589 9655 9721 9789 9857 9926 9996 10066 10136 10207 10278 10350 10423 10495 10568 10642 10716 10790 10865 10939 11014 11090 11165 11242 11318 11395 11472 11549 11627 11704 11782 11859 11937 12015 12093 12171 12249 12327 12406 12484 12562 12639 12717 12793 12869 12945 13021 13098 13179 13264 13349 13434 13519 13604 13691 ]

4	yin4
[start = 13780]
[end = 18513]
[peaknum = 60]
[15368 15414 15459 15504 15550 15595 15641 15687 15732 15778 15823 15868 15912 15957 16002 16047 16092 16137 16182 16228 16273 16319 16364 16410 16457 16503 16550 16597 16645 16693 16742 16791 16840 16890 16940 16990 17040 17091 17143 17194 17246 17299 17351 17405 17458 17513 17567 17622 17678 17734 17791 17848 17906 17964 18023 18086 18154 18225 18297 18367 ]

5	du4
[start = 18513]
[end = 20960]
[peaknum = 36]
[18724 18776 18828 18881 18937 18994 19053 19113 19173 19234 19295 19356 19418 19480 19542 19606 19669 19733 19797 19862 19927 19992 20057 20123 20188 20254 20320 20385 20450 20515 20580 20645 20709 20776 20845 20916 ]

6	SIL
[start = 20960]
[end = 21680]

7	dian4
[start = 21680]
[end = 23923]
[peaknum = 37]
[21934 21986 22037 22088 22139 22190 22241 22292 22343 22394 22445 22496 22547 22598 22649 22701 22753 22804 22857 22909 22962 23015 23069 23124 23179 23234 23290 23347 23404 23462 23521 23581 23642 23705 23769 23834 23900 ]

8	ying3
[start = 23923]
[end = 28352]
[peaknum = 45]
[23968 24036 24106 24177 24249 24322 24395 24469 24544 24620 24696 24774 24854 24935 25017 25101 25186 25273 25362 25453 25547 25643 25741 25842 25945 26052 26161 26274 26389 26506 26625 26745 26865 26986 27108 27229 27346 27459 27571 27681 27790 27897 28004 28109 28217 ]

9	jie2
[start = 28352]
[end = 34399]
[peaknum = 49]
[29610 29701 29793 29888 29983 30078 30174 30271 30369 30469 30570 30671 30774 30877 30980 31084 31187 31290 31392 31495 31596 31698 31799 31901 32003 32105 32206 32307 32407 32507 32606 32704 32802 32898 32993 33088 33182 33275 33368 33459 33549 33637 33722 33805 33887 33966 34043 34117 34190 ]

10	SIL
[start = 34399]
[end = 37766]

11	he2
[start = 37766]
[end = 43648]
[peaknum = 48]
[39684 39763 39843 39925 40009 40093 40177 40262 40347 40433 40518 40604 40690 40776 40861 40947 41033 41119 41205 41291 41378 41464 41550 41636 41722 41808 41895 41981 42067 42152 42238 42322 42407 42490 42572 42654 42735 42815 42894 42973 43049 43124 43198 43271 43343 43417 43491 43570 ]

12	SIL
[start = 43648]
[end = 44542]

13	jie2
[start = 44542]
[end = 48049]
[peaknum = 30]
[45658 45736 45816 45896 45976 46058 46142 46227 46314 46400 46486 46573 46659 46745 46830 46916 47000 47082 47162 47240 47316 47391 47463 47534 47603 47671 47736 47800 47865 47929 ]

14	SIL
[start = 48049]
[end = 48974]

15	ke4
[start = 48974]
[end = 53856]
[peaknum = 55]
[50716 50761 50805 50849 50894 50938 50984 51029 51075 51121 51167 51213 51260 51307 51355 51402 51450 51498 51547 51596 51645 51695 51745 51796 51848 51900 51952 52005 52059 52114 52169 52225 52282 52340 52398 52458 52518 52579 52641 52704 52767 52832 52897 52963 53030 53098 53167 53236 53307 53377 53448 53520 53593 53666 53741 ]

16	SIL
[start = 53856]
[end = 54512]

17	ka3
[start = 54512]
[end = 58987]
[peaknum = 23]
[56697 56777 56857 56936 57018 57102 57188 57278 57369 57465 57564 57668 57776 57889 58004 58121 58238 58357 58480 58603 58723 58842 58961 ]

18	luo2
[start = 58987]
[end = 61956]
[peaknum = 32]
[59079 59197 59316 59433 59544 59647 59750 59853 59957 60059 60162 60263 60364 60463 60561 60656 60750 60841 60930 61017 61101 61184 61264 61343 61420 61495 61568 61641 61714 61786 61859 61933 ]

19	wei2
[start = 61956]
[end = 65776]
[peaknum = 42]
[62009 62086 62166 62247 62329 62412 62496 62579 62661 62744 62827 62912 62999 63087 63179 63272 63369 63467 63567 63668 63770 63874 63979 64085 64191 64296 64401 64504 64606 64706 64805 64900 64992 65081 65165 65247 65326 65404 65482 65559 65637 65715 ]

20	SIL
[start = 65776]
[end = 66699]

21	fa1
[start = 66699]
[end = 70593]
[peaknum = 62]
[67532 67581 67631 67680 67730 67780 67831 67881 67932 67983 68034 68085 68136 68187 68238 68289 68340 68391 68442 68493 68544 68594 68645 68695 68745 68796 68846 68896 68946 68995 69045 69095 69144 69193 69242 69291 69340 69389 69437 69486 69534 69583 69631 69679 69727 69775 69824 69872 69919 69967 70015 70063 70111 70159 70207 70255 70303 70351 70400 70449 70498 70546 ]

22	li4
[start = 70593]
[end = 73600]
[peaknum = 43]
[70734 70780 70826 70872 70919 70966 71014 71062 71111 71161 71211 71261 71312 71364 71417 71472 71527 71583 71641 71700 71760 71821 71884 71948 72013 72079 72147 72216 72288 72361 72437 72514 72594 72676 72761 72849 72941 73035 73131 73230 73332 73437 73546 ]

23	SIL
[start = 73600]
[end = 74880]

24	guo2
[start = 74880]
[end = 77888]
[peaknum = 27]
[75415 75502 75594 75690 75786 75884 75983 76082 76182 76283 76384 76485 76588 76691 76795 76898 76999 77098 77194 77288 77378 77463 77545 77623 77699 77777 77857 ]

25	SIL
[start = 77888]
[end = 78256]

26	ji4
[start = 78256]
[end = 81328]
[peaknum = 35]
[79223 79273 79323 79374 79424 79475 79525 79576 79627 79678 79729 79781 79834 79887 79940 79994 80049 80105 80163 80221 80280 80341 80403 80467 80531 80597 80664 80733 80802 80873 80946 81021 81098 81177 81258 ]

27	SIL
[start = 81328]
[end = 82064]

28	dian4
[start = 82064]
[end = 84242]
[peaknum = 29]
[82412 82471 82530 82589 82649 82709 82769 82829 82889 82949 83009 83069 83130 83191 83254 83316 83380 83444 83509 83576 83644 83714 83785 83857 83930 84005 84080 84157 84236 ]

29	ying3
[start = 84242]
[end = 87488]
[peaknum = 29]
[84315 84397 84480 84564 84651 84739 84829 84921 85016 85115 85216 85322 85434 85552 85675 85802 85929 86054 86181 86308 86438 86561 86687 86812 86934 87055 87174 87293 87415 ]

30	SIL
[start = 87488]
[end = 88064]

31	jie2
[start = 88064]
[end = 91152]
[peaknum = 18]
[89197 89311 89426 89541 89655 89770 89885 90000 90116 90230 90344 90457 90567 90675 90780 90884 90988 91088 ]

32	SIL
[start = 91152]
[end = 91642]

33	zhong1
[start = 91642]
[end = 96704]
[peaknum = 66]
[92357 92423 92490 92555 92621 92687 92753 92819 92885 92951 93018 93084 93151 93218 93284 93351 93417 93484 93549 93615 93681 93746 93811 93877 93942 94008 94073 94139 94205 94271 94337 94403 94468 94534 94599 94665 94731 94797 94863 94929 94995 95060 95126 95191 95256 95322 95387 95452 95517 95582 95646 95711 95775 95840 95903 95967 96030 96093 96155 96217 96278 96338 96399 96459 96519 96579 ]

34	SIL
[start = 96704]
[end = 97739]

