[SampleRate = 16000]
[ElementNum = 32]
1	yuan2
[start = 880]
[end = 3539]
[peaknum = 35]
[969 1036 1105 1179 1254 1329 1403 1478 1553 1632 1714 1796 1879 1961 2044 2126 2208 2288 2368 2447 2524 2601 2677 2753 2827 2901 2974 3045 3116 3185 3254 3323 3391 3459 3527 ]

2	lai2
[start = 3539]
[end = 8366]
[peaknum = 57]
[3595 3663 3731 3799 3868 3938 4008 4078 4150 4222 4296 4370 4445 4521 4598 4675 4753 4833 4913 4995 5078 5161 5246 5332 5418 5505 5592 5680 5768 5857 5945 6033 6122 6212 6301 6391 6480 6570 6659 6748 6836 6924 7011 7097 7182 7267 7350 7432 7512 7589 7665 7739 7813 7888 7964 8045 8129 ]

3	ta1
[start = 8366]
[end = 11208]
[peaknum = 27]
[9924 9976 10027 10077 10125 10173 10221 10269 10317 10364 10412 10460 10507 10555 10603 10650 10698 10745 10792 10840 10888 10935 10983 11032 11080 11129 11178 ]

4	mu3
[start = 11208]
[end = 14768]
[peaknum = 48]
[11228 11277 11326 11375 11425 11474 11524 11573 11623 11673 11724 11774 11825 11876 11928 11980 12032 12086 12140 12195 12250 12307 12363 12421 12480 12540 12601 12664 12728 12794 12861 12930 13002 13075 13152 13231 13313 13399 13488 13582 13681 13784 13893 14006 14120 14232 14345 14458 ]

5	SIL
[start = 14768]
[end = 15264]

6	qin1
[start = 15264]
[end = 21680]
[peaknum = 67]
[17116 17181 17247 17316 17386 17457 17528 17599 17670 17742 17813 17884 17956 18027 18098 18170 18241 18312 18383 18454 18525 18597 18668 18740 18812 18884 18956 19028 19099 19171 19243 19314 19386 19458 19529 19600 19671 19742 19812 19883 19953 20024 20094 20164 20233 20302 20371 20440 20508 20576 20644 20712 20779 20846 20912 20978 21044 21108 21172 21235 21298 21360 21422 21484 21545 21607 21668 ]

7	SIL
[start = 21680]
[end = 22000]

8	zai4
[start = 22000]
[end = 27176]
[peaknum = 71]
[22553 22603 22652 22703 22754 22806 22858 22912 22965 23020 23075 23130 23186 23242 23299 23356 23414 23472 23531 23590 23649 23709 23770 23831 23892 23954 24016 24079 24143 24207 24271 24336 24402 24469 24536 24604 24672 24742 24812 24883 24954 25026 25098 25171 25244 25318 25391 25465 25539 25613 25687 25761 25835 25910 25984 26058 26132 26206 26280 26354 26428 26501 26574 26647 26719 26790 26862 26932 27004 27077 27153 ]

9	huai2
[start = 27176]
[end = 32190]
[peaknum = 36]
[29321 29407 29495 29584 29676 29769 29865 29961 30058 30154 30251 30348 30445 30541 30638 30732 30825 30914 30999 31081 31159 31234 31305 31374 31440 31504 31568 31631 31694 31758 31822 31886 31951 32015 32080 32145 ]

10	yun4
[start = 32190]
[end = 37284]
[peaknum = 56]
[33283 33338 33393 33448 33503 33558 33613 33668 33723 33779 33834 33890 33945 34001 34057 34114 34171 34229 34288 34348 34407 34468 34529 34591 34654 34718 34784 34850 34917 34986 35056 35127 35199 35273 35348 35424 35500 35576 35653 35731 35809 35888 35968 36048 36128 36209 36289 36370 36450 36530 36611 36691 36771 36851 36931 37013 ]

11	qi1
[start = 37284]
[end = 41088]
[peaknum = 31]
[39685 39731 39777 39823 39869 39915 39962 40008 40053 40099 40145 40190 40235 40280 40325 40370 40415 40460 40505 40550 40595 40641 40687 40733 40780 40826 40874 40922 40970 41018 41067 ]

12	SIL
[start = 41088]
[end = 41632]

13	ge4
[start = 41632]
[end = 43733]
[peaknum = 24]
[41902 41959 42015 42073 42131 42191 42253 42317 42384 42453 42525 42600 42679 42760 42843 42929 43016 43105 43195 43284 43373 43461 43551 43643 ]

14	yue4
[start = 43733]
[end = 46870]
[peaknum = 36]
[43734 43825 43915 44003 44089 44175 44258 44340 44419 44499 44577 44656 44734 44811 44889 44967 45045 45125 45205 45287 45371 45457 45545 45634 45726 45820 45917 46015 46117 46220 46324 46429 46534 46638 46741 46843 ]

15	shi2
[start = 46870]
[end = 53252]
[peaknum = 38]
[49628 49718 49812 49910 50009 50111 50215 50321 50426 50531 50634 50737 50841 50947 51052 51155 51257 51359 51460 51560 51659 51758 51855 51953 52050 52147 52244 52341 52437 52534 52631 52730 52826 52919 53005 53087 53169 53249 ]

16	SIL
[start = 53252]
[end = 57569]

17	xiang3
[start = 57569]
[end = 61926]
[peaknum = 41]
[59026 59087 59149 59214 59283 59353 59426 59501 59576 59653 59732 59811 59890 59971 60051 60132 60213 60294 60374 60454 60534 60612 60688 60764 60838 60910 60981 61052 61121 61189 61257 61323 61388 61452 61515 61578 61641 61703 61765 61827 61889 ]

18	yong4
[start = 61926]
[end = 65440]
[peaknum = 65]
[61951 62013 62074 62134 62192 62247 62300 62351 62402 62453 62503 62553 62603 62653 62703 62752 62801 62850 62900 62949 62998 63047 63096 63145 63194 63244 63294 63344 63395 63445 63496 63547 63599 63651 63703 63756 63809 63862 63916 63970 64025 64079 64134 64190 64245 64301 64357 64414 64471 64528 64585 64643 64701 64759 64818 64876 64935 64995 65054 65114 65174 65234 65296 65358 65421 ]

19	xi3
[start = 65440]
[end = 71338]
[peaknum = 33]
[68321 68403 68486 68571 68657 68745 68834 68926 69018 69112 69207 69304 69402 69501 69602 69704 69809 69914 70020 70125 70230 70333 70433 70531 70626 70717 70805 70891 70975 71057 71139 71219 71297 ]

20	re4
[start = 71338]
[end = 74421]
[peaknum = 42]
[72166 72223 72279 72333 72386 72438 72490 72542 72593 72643 72693 72743 72793 72842 72892 72941 72990 73039 73089 73138 73188 73238 73288 73339 73390 73442 73494 73547 73601 73655 73710 73765 73822 73880 73939 73999 74060 74122 74186 74252 74320 74388 ]

21	shui2
[start = 74421]
[end = 79136]
[peaknum = 37]
[76646 76722 76800 76880 76961 77043 77126 77209 77293 77376 77459 77541 77621 77699 77775 77848 77918 77986 78053 78118 78183 78246 78308 78369 78429 78488 78546 78603 78659 78715 78771 78826 78882 78937 78992 79046 79101 ]

22	SIL
[start = 79136]
[end = 79462]

23	zao3
[start = 79462]
[end = 84912]
[peaknum = 40]
[80479 80546 80614 80684 80758 80835 80917 81004 81095 81193 81300 81416 81536 81660 81782 81900 82023 82147 82271 82396 82520 82644 82769 82894 83019 83145 83273 83399 83524 83647 83769 83892 84018 84145 84269 84393 84514 84630 84739 84836 ]

24	SIL
[start = 84912]
[end = 87824]

25	shi3
[start = 87824]
[end = 92320]
[peaknum = 22]
[90068 90147 90228 90313 90399 90487 90577 90668 90761 90856 90952 91048 91144 91240 91337 91434 91531 91630 91731 91834 91937 92042 ]

26	SIL
[start = 92320]
[end = 93056]

27	tai1
[start = 93056]
[end = 97300]
[peaknum = 42]
[95016 95076 95134 95192 95250 95307 95363 95420 95476 95531 95587 95642 95696 95751 95805 95859 95913 95967 96021 96075 96128 96182 96235 96288 96341 96394 96447 96500 96553 96606 96659 96712 96766 96819 96873 96927 96981 97036 97091 97147 97203 97261 ]

28	er2
[start = 97300]
[end = 102770]
[peaknum = 60]
[97319 97378 97438 97499 97560 97623 97687 97751 97817 97884 97954 98026 98101 98179 98260 98346 98434 98528 98626 98729 98834 98943 99052 99162 99272 99382 99493 99604 99716 99827 99938 100047 100156 100263 100370 100476 100582 100686 100788 100891 100991 101089 101187 101283 101377 101471 101564 101658 101751 101845 101938 102029 102119 102208 102297 102386 102476 102568 102662 102760 ]

29	liu2
[start = 102770]
[end = 106685]
[peaknum = 44]
[102859 102955 103049 103143 103237 103331 103427 103524 103623 103724 103827 103931 104037 104144 104250 104357 104465 104574 104684 104794 104901 105007 105111 105212 105310 105406 105497 105585 105668 105747 105823 105897 105969 106038 106106 106171 106236 106299 106361 106421 106481 106541 106604 106667 ]

30	SIL
[start = 106685]
[end = 107194]

31	chan3
[start = 107194]
[end = 112160]
[peaknum = 12]
[109433 109509 109588 109670 109755 109842 109935 110037 110154 110265 110388 110525 ]

32	SIL
[start = 112160]
[end = 113550]

