[SampleRate = 16000]
[ElementNum = 33]
1	SIL
[start = 0]
[end = 1152]

2	wu3
[start = 1152]
[end = 4382]
[peaknum = 40]
[1312 1379 1448 1520 1592 1664 1736 1809 1881 1953 2026 2098 2171 2244 2317 2392 2466 2541 2617 2693 2769 2845 2922 2999 3076 3154 3233 3312 3393 3473 3554 3635 3715 3795 3874 3953 4036 4121 4204 4284 ]

3	jia1
[start = 4382]
[end = 8240]
[peaknum = 54]
[5472 5519 5567 5615 5663 5712 5761 5809 5858 5906 5954 6002 6050 6098 6146 6194 6242 6290 6338 6386 6434 6482 6529 6577 6625 6672 6720 6767 6815 6862 6909 6957 7004 7051 7098 7145 7191 7238 7284 7330 7376 7421 7467 7512 7557 7603 7648 7693 7738 7783 7829 7876 7923 7970 ]

4	SIL
[start = 8240]
[end = 8688]

5	ping2
[start = 8688]
[end = 15408]
[peaknum = 62]
[10739 10806 10876 10950 11027 11105 11184 11264 11345 11428 11512 11597 11684 11771 11859 11947 12036 12125 12214 12304 12394 12483 12573 12662 12751 12840 12929 13017 13104 13189 13273 13354 13434 13512 13589 13663 13735 13806 13875 13943 14010 14076 14141 14204 14268 14330 14392 14454 14514 14575 14635 14694 14753 14811 14869 14928 14986 15046 15106 15169 15235 15303 ]

6	SIL
[start = 15408]
[end = 15904]

7	deng3
[start = 15904]
[end = 21088]
[peaknum = 52]
[16165 16229 16294 16362 16432 16503 16576 16650 16727 16805 16886 16968 17051 17136 17222 17309 17397 17488 17580 17673 17769 17867 17966 18069 18174 18281 18391 18501 18611 18721 18833 18943 19054 19164 19274 19383 19492 19599 19706 19812 19918 20022 20126 20229 20331 20434 20536 20638 20739 20838 20935 21033 ]

8	SIL
[start = 21088]
[end = 21840]

9	zhou1
[start = 21840]
[end = 24563]
[peaknum = 40]
[22407 22463 22520 22576 22633 22689 22745 22800 22855 22910 22965 23019 23073 23127 23181 23234 23288 23341 23395 23448 23501 23554 23607 23659 23712 23765 23817 23870 23923 23976 24029 24083 24137 24191 24246 24302 24358 24415 24473 24533 ]

10	wei2
[start = 24563]
[end = 27584]
[peaknum = 37]
[24593 24655 24718 24781 24844 24907 24970 25035 25101 25168 25238 25312 25389 25470 25555 25643 25734 25827 25923 26021 26122 26223 26325 26427 26528 26626 26723 26817 26907 26993 27077 27158 27239 27320 27403 27486 27568 ]

11	SIL
[start = 27584]
[end = 27872]

12	cun1
[start = 27872]
[end = 32508]
[peaknum = 53]
[29785 29839 29892 29945 29996 30047 30098 30149 30201 30252 30303 30354 30406 30457 30508 30559 30610 30661 30712 30763 30815 30866 30918 30970 31021 31073 31125 31176 31228 31279 31330 31382 31433 31484 31534 31585 31636 31686 31736 31787 31837 31887 31937 31987 32036 32086 32135 32185 32234 32285 32335 32386 32437 ]

13	zhen4
[start = 32508]
[end = 37808]
[peaknum = 51]
[33292 33337 33381 33426 33472 33518 33565 33613 33661 33710 33759 33809 33859 33910 33961 34012 34064 34117 34171 34225 34280 34336 34392 34450 34508 34568 34628 34689 34752 34817 34884 34954 35026 35101 35179 35261 35346 35435 35527 35624 35724 35828 35935 36046 36161 36278 36396 36516 36637 36760 36885 ]

14	SIL
[start = 37808]
[end = 41936]

15	gan3
[start = 41936]
[end = 44933]
[peaknum = 24]
[42940 43013 43086 43162 43238 43315 43393 43473 43553 43634 43716 43800 43885 43972 44060 44150 44241 44334 44428 44523 44619 44715 44812 44909 ]

16	lai2
[start = 44933]
[end = 48512]
[peaknum = 40]
[45006 45102 45199 45295 45391 45487 45582 45678 45774 45870 45967 46063 46160 46256 46353 46449 46545 46640 46734 46827 46920 47012 47103 47193 47281 47368 47453 47536 47617 47696 47773 47848 47922 47994 48066 48138 48211 48286 48362 48439 ]

17	SIL
[start = 48512]
[end = 49040]

18	gei3
[start = 49040]
[end = 53344]
[peaknum = 37]
[49485 49554 49626 49700 49778 49859 49942 50027 50113 50200 50288 50378 50470 50564 50660 50757 50857 50959 51064 51170 51279 51390 51503 51617 51731 51844 51958 52073 52187 52300 52412 52522 52632 52739 52847 52955 53066 ]

19	SIL
[start = 53344]
[end = 53824]

20	chen2
[start = 53824]
[end = 58384]
[peaknum = 38]
[55903 55981 56062 56144 56228 56313 56399 56485 56569 56653 56735 56814 56892 56966 57037 57105 57171 57235 57297 57358 57418 57477 57535 57592 57649 57705 57761 57816 57870 57925 57979 58033 58089 58145 58201 58257 58311 58366 ]

21	SIL
[start = 58384]
[end = 58611]

22	yong3
[start = 58611]
[end = 62276]
[peaknum = 29]
[58923 58981 59039 59099 59160 59222 59285 59350 59416 59485 59557 59632 59711 59795 59883 59976 60074 60175 60282 60396 60516 60643 60771 60895 61018 61135 61250 61364 61481 ]

23	gui4
[start = 62276]
[end = 66896]
[peaknum = 53]
[62562 62631 62699 62766 62832 62897 62960 63022 63083 63144 63205 63264 63324 63383 63443 63502 63562 63623 63684 63746 63809 63874 63939 64006 64074 64143 64215 64288 64363 64439 64518 64599 64683 64768 64855 64944 65035 65127 65221 65317 65415 65516 65619 65723 65828 65933 66040 66147 66255 66364 66473 66579 66681 ]

24	SIL
[start = 66896]
[end = 68160]

25	zui4
[start = 68160]
[end = 71792]
[peaknum = 49]
[69151 69199 69247 69294 69342 69389 69436 69484 69531 69578 69625 69672 69719 69766 69813 69860 69907 69954 70001 70049 70097 70145 70193 70242 70291 70341 70391 70442 70494 70546 70599 70653 70707 70763 70820 70878 70937 70998 71059 71121 71185 71249 71315 71381 71448 71517 71587 71657 71728 ]

26	hou4
[start = 71792]
[end = 77208]
[peaknum = 47]
[73925 73978 74031 74084 74136 74188 74240 74292 74344 74396 74449 74502 74556 74610 74665 74721 74778 74835 74894 74953 75014 75076 75139 75203 75269 75336 75405 75475 75548 75623 75700 75780 75863 75948 76036 76127 76221 76319 76418 76519 76619 76716 76810 76900 76987 77072 77156 ]

27	song4
[start = 77208]
[end = 81559]
[peaknum = 38]
[79035 79086 79138 79190 79242 79295 79347 79400 79454 79508 79562 79618 79674 79731 79788 79847 79906 79967 80029 80092 80156 80222 80289 80357 80427 80499 80572 80647 80724 80802 80882 80964 81048 81135 81223 81313 81403 81494 ]

28	xing2
[start = 81559]
[end = 86477]
[peaknum = 22]
[84062 84149 84239 84338 84450 84564 84680 84798 84920 85042 85164 85284 85401 85516 85628 85736 85842 85944 86042 86135 86226 86313 ]

29	de5
[start = 86477]
[end = 88064]
[peaknum = 15]
[86708 86782 86856 86935 87017 87101 87185 87271 87358 87446 87536 87628 87722 87818 87915 ]

30	SIL
[start = 88064]
[end = 88608]

31	qun2
[start = 88608]
[end = 93504]
[peaknum = 27]
[90719 90803 90892 90989 91091 91197 91307 91421 91538 91654 91770 91884 91998 92111 92225 92340 92454 92568 92680 92789 92893 92994 93090 93184 93274 93360 93442 ]

32	zhong4
[start = 93504]
[end = 97392]
[peaknum = 33]
[93954 94021 94088 94153 94217 94280 94342 94403 94464 94524 94584 94643 94703 94762 94823 94883 94944 95006 95068 95131 95195 95260 95327 95395 95464 95536 95609 95685 95765 95847 95933 96026 96125 ]

33	SIL
[start = 97392]
[end = 98697]

