[SampleRate = 16000]
[ElementNum = 26]
1	SIL
[start = 0]
[end = 1664]

2	cheng2
[start = 1664]
[end = 5651]
[peaknum = 41]
[2741 2802 2864 2927 2990 3054 3117 3182 3249 3319 3392 3466 3542 3618 3696 3774 3852 3930 4008 4087 4164 4242 4318 4394 4469 4543 4617 4689 4759 4829 4897 4964 5030 5096 5160 5223 5286 5348 5410 5474 5538 ]

3	che1
[start = 5651]
[end = 10656]
[peaknum = 66]
[7375 7427 7478 7528 7577 7626 7674 7722 7771 7819 7868 7916 7964 8012 8060 8108 8156 8203 8251 8299 8347 8395 8443 8491 8539 8587 8635 8684 8732 8781 8829 8878 8927 8976 9025 9074 9123 9173 9222 9271 9321 9370 9419 9469 9518 9567 9617 9666 9715 9764 9813 9862 9911 9960 10008 10057 10105 10154 10202 10250 10299 10348 10397 10446 10496 10545 ]

4	SIL
[start = 10656]
[end = 10891]

5	cong2
[start = 10891]
[end = 17277]
[peaknum = 58]
[12801 12863 12925 12990 13059 13129 13203 13278 13355 13434 13513 13593 13674 13755 13836 13918 14000 14082 14164 14246 14328 14410 14492 14574 14656 14739 14821 14903 14985 15066 15148 15229 15310 15390 15470 15549 15627 15705 15782 15859 15935 16011 16086 16160 16234 16307 16380 16452 16524 16596 16668 16740 16813 16889 16967 17051 17145 17255 ]

6	ning2
[start = 17277]
[end = 21680]
[peaknum = 51]
[17840 17951 18048 18136 18218 18298 18374 18450 18524 18598 18673 18747 18822 18898 18975 19052 19131 19210 19290 19371 19452 19534 19616 19699 19782 19865 19949 20032 20115 20199 20281 20363 20444 20524 20603 20680 20755 20828 20901 20971 21040 21107 21172 21236 21300 21363 21425 21487 21548 21609 21670 ]

7	xia4
[start = 21680]
[end = 26157]
[peaknum = 55]
[23207 23251 23295 23339 23383 23428 23472 23517 23562 23607 23651 23696 23741 23787 23832 23878 23924 23970 24017 24065 24113 24161 24210 24259 24309 24359 24410 24462 24514 24566 24619 24673 24728 24784 24841 24898 24956 25015 25075 25136 25197 25259 25323 25387 25452 25518 25584 25651 25719 25788 25857 25927 25998 26071 26145 ]

8	shou2
[start = 26157]
[end = 30480]
[peaknum = 32]
[28223 28304 28387 28470 28555 28640 28726 28811 28896 28981 29065 29147 29226 29302 29376 29448 29517 29586 29652 29718 29784 29848 29912 29975 30038 30100 30162 30223 30284 30344 30404 30465 ]

9	fu3
[start = 30480]
[end = 35248]
[peaknum = 25]
[32834 32916 33001 33087 33176 33267 33359 33454 33551 33650 33752 33856 33962 34070 34176 34281 34385 34489 34590 34688 34788 34890 34994 35098 35201 ]

10	yin2
[start = 35248]
[end = 38740]
[peaknum = 38]
[35303 35402 35498 35596 35694 35790 35887 35984 36083 36181 36279 36377 36477 36578 36680 36780 36880 36979 37077 37175 37273 37372 37470 37564 37656 37746 37834 37920 38003 38086 38167 38246 38323 38399 38474 38547 38620 38692 ]

11	chuan1
[start = 38740]
[end = 44951]
[peaknum = 80]
[40842 40895 40946 40997 41046 41096 41145 41196 41246 41298 41349 41401 41454 41506 41559 41611 41664 41717 41769 41822 41875 41928 41980 42033 42086 42138 42191 42244 42297 42349 42402 42455 42508 42561 42614 42667 42720 42773 42826 42879 42932 42985 43038 43091 43143 43196 43248 43301 43353 43405 43457 43509 43561 43613 43666 43718 43771 43824 43877 43929 43981 44032 44084 44135 44186 44237 44287 44338 44388 44439 44489 44540 44590 44641 44691 44742 44792 44842 44892 44943 ]

12	SIL
[start = 44951]
[end = 49568]

13	gan2
[start = 49568]
[end = 52006]
[peaknum = 25]
[50143 50221 50301 50381 50462 50543 50625 50706 50788 50870 50951 51032 51113 51193 51272 51349 51425 51500 51573 51645 51715 51783 51851 51917 51983 ]

14	wang3
[start = 52006]
[end = 57867]
[peaknum = 64]
[52048 52113 52177 52242 52306 52370 52434 52497 52561 52625 52688 52752 52816 52880 52945 53011 53077 53145 53213 53283 53353 53425 53499 53574 53652 53732 53814 53898 53984 54073 54163 54255 54350 54447 54546 54650 54756 54864 54973 55084 55195 55306 55417 55529 55640 55751 55863 55973 56084 56194 56304 56415 56526 56636 56745 56854 56961 57068 57172 57276 57381 57489 57597 57695 ]

15	nei4
[start = 57867]
[end = 61056]
[peaknum = 53]
[58173 58264 58346 58423 58494 58561 58625 58686 58746 58804 58862 58918 58973 59028 59082 59136 59187 59237 59285 59333 59381 59428 59476 59523 59571 59618 59666 59714 59762 59809 59858 59906 59954 60003 60052 60101 60151 60201 60252 60303 60355 60408 60462 60516 60571 60627 60684 60742 60801 60861 60922 60985 61049 ]

16	meng2
[start = 61056]
[end = 65360]
[peaknum = 57]
[61113 61179 61245 61312 61380 61450 61521 61594 61668 61744 61820 61897 61975 62054 62134 62216 62299 62384 62471 62559 62648 62738 62828 62918 63008 63099 63189 63279 63368 63456 63544 63630 63714 63797 63878 63957 64034 64109 64183 64254 64324 64393 64460 64527 64592 64656 64720 64783 64845 64907 64969 65031 65093 65156 65219 65286 65357 ]

17	SIL
[start = 65360]
[end = 66048]

18	gu3
[start = 66048]
[end = 69984]
[peaknum = 30]
[66584 66655 66728 66806 66887 66969 67053 67138 67225 67314 67406 67500 67597 67697 67801 67906 68014 68124 68235 68347 68459 68572 68685 68798 68911 69025 69140 69254 69370 69487 ]

19	SIL
[start = 69984]
[end = 71088]

20	yi1
[start = 71088]
[end = 73346]
[peaknum = 36]
[71226 71294 71360 71425 71488 71551 71612 71673 71733 71793 71852 71911 71970 72028 72086 72144 72201 72258 72315 72371 72427 72482 72538 72593 72648 72702 72757 72811 72866 72921 72976 73031 73088 73145 73203 73261 ]

21	SIL
[start = 73346]
[end = 73728]

22	ke4
[start = 73728]
[end = 77232]
[peaknum = 21]
[75712 75765 75818 75873 75928 75984 76041 76100 76162 76227 76296 76368 76442 76520 76601 76685 76771 76860 76952 77047 77145 ]

23	SIL
[start = 77232]
[end = 77632]

24	zhao1
[start = 77632]
[end = 81209]
[peaknum = 50]
[78423 78481 78540 78599 78658 78718 78777 78836 78895 78954 79012 79070 79128 79186 79244 79302 79359 79416 79473 79530 79587 79643 79700 79756 79811 79867 79923 79979 80034 80089 80145 80199 80254 80308 80362 80416 80470 80524 80578 80632 80686 80740 80794 80847 80901 80955 81009 81062 81116 81171 ]

25	meng2
[start = 81209]
[end = 87248]
[peaknum = 61]
[81226 81281 81337 81394 81451 81507 81564 81621 81679 81737 81796 81856 81916 81978 82040 82103 82168 82233 82299 82367 82435 82506 82579 82653 82729 82806 82886 82970 83059 83152 83249 83351 83457 83567 83681 83797 83916 84038 84162 84288 84417 84542 84674 84797 84924 85049 85174 85297 85419 85539 85658 85775 85892 86009 86126 86242 86358 86475 86591 86709 86828 ]

26	SIL
[start = 87248]
[end = 89115]

