[SampleRate = 16000]
[ElementNum = 34]
1	SIL
[start = 0]
[end = 768]

2	li3
[start = 768]
[end = 3756]
[peaknum = 38]
[981 1044 1108 1174 1242 1311 1380 1450 1519 1588 1657 1725 1794 1863 1932 2002 2072 2143 2215 2287 2359 2432 2506 2580 2654 2729 2804 2880 2956 3032 3108 3185 3261 3337 3413 3491 3570 3649 ]

3	gen1
[start = 3756]
[end = 7599]
[peaknum = 64]
[4705 4752 4798 4845 4893 4940 4988 5035 5082 5129 5175 5221 5267 5313 5358 5403 5448 5492 5537 5581 5625 5668 5712 5755 5798 5841 5884 5927 5970 6013 6056 6099 6142 6185 6228 6271 6313 6356 6399 6441 6484 6527 6569 6612 6655 6698 6741 6784 6827 6871 6914 6957 7001 7044 7088 7132 7175 7220 7264 7309 7355 7402 7449 7497 ]

4	zong2
[start = 7599]
[end = 11248]
[peaknum = 44]
[8362 8415 8470 8524 8580 8635 8693 8752 8813 8878 8946 9017 9090 9165 9242 9320 9399 9479 9558 9637 9715 9792 9867 9942 10015 10088 10159 10229 10298 10365 10431 10495 10559 10621 10683 10743 10802 10860 10918 10976 11034 11093 11153 11214 ]

5	tong3
[start = 11248]
[end = 16513]
[peaknum = 29]
[13326 13417 13510 13605 13705 13809 13916 14024 14133 14245 14358 14472 14588 14706 14825 14944 15065 15187 15310 15433 15557 15677 15797 15911 16021 16127 16230 16330 16431 ]

6	he2
[start = 16513]
[end = 21840]
[peaknum = 34]
[18662 18756 18851 18948 19045 19143 19242 19341 19440 19539 19638 19737 19835 19933 20031 20129 20227 20325 20422 20519 20616 20712 20807 20902 20995 21086 21174 21262 21347 21430 21510 21589 21666 21743 ]

7	SIL
[start = 21840]
[end = 23424]

8	bu4
[start = 23424]
[end = 26175]
[peaknum = 47]
[23713 23755 23798 23841 23884 23929 23974 24019 24064 24109 24154 24199 24244 24290 24335 24381 24427 24473 24520 24567 24613 24661 24708 24756 24804 24853 24903 24954 25006 25059 25112 25167 25222 25278 25336 25394 25455 25517 25581 25647 25714 25784 25855 25928 26002 26076 26152 ]

9	shi2
[start = 26175]
[end = 31024]
[peaknum = 23]
[28999 29078 29161 29250 29339 29429 29520 29611 29703 29795 29888 29982 30075 30168 30260 30351 30441 30529 30615 30699 30782 30864 30947 ]

10	fu4
[start = 31024]
[end = 34664]
[peaknum = 30]
[32835 32882 32929 32977 33024 33072 33119 33168 33216 33265 33313 33362 33411 33460 33509 33559 33609 33660 33713 33766 33820 33874 33930 33986 34044 34104 34165 34228 34294 34362 ]

11	zong2
[start = 34664]
[end = 38316]
[peaknum = 31]
[35427 35513 35601 35694 35793 35896 36000 36106 36214 36326 36438 36550 36660 36768 36873 36976 37078 37176 37271 37362 37449 37534 37617 37698 37779 37858 37936 38014 38092 38171 38249 ]

12	tong3
[start = 38316]
[end = 43184]
[peaknum = 20]
[40425 40520 40621 40725 40833 40940 41032 41129 41225 41366 41448 41566 41654 41823 41944 42149 42286 42492 42593 42780 ]

13	SIL
[start = 43184]
[end = 49344]

14	dou1
[start = 49344]
[end = 51456]
[peaknum = 45]
[49477 49520 49563 49606 49650 49696 49741 49787 49832 49878 49923 49969 50014 50059 50104 50149 50194 50239 50284 50328 50372 50416 50460 50504 50549 50593 50637 50681 50725 50769 50813 50858 50902 50945 50989 51033 51077 51120 51164 51207 51251 51294 51338 51382 51426 ]

15	mei2
[start = 51456]
[end = 53898]
[peaknum = 41]
[51471 51516 51562 51608 51655 51702 51749 51795 51843 51890 51938 51986 52035 52084 52134 52184 52235 52287 52339 52393 52447 52502 52558 52616 52674 52733 52793 52855 52920 52987 53056 53129 53206 53285 53368 53453 53539 53627 53714 53800 53885 ]

16	you3
[start = 53898]
[end = 57136]
[peaknum = 31]
[53970 54054 54136 54218 54300 54381 54461 54542 54623 54704 54786 54870 54954 55039 55126 55214 55304 55398 55495 55597 55703 55814 55929 56047 56167 56287 56408 56529 56649 56768 56884 ]

17	SIL
[start = 57136]
[end = 57744]

18	qu4
[start = 57744]
[end = 61963]
[peaknum = 17]
[59867 59945 60023 60104 60186 60270 60356 60444 60533 60622 60713 60805 60899 60993 61088 61182 61276 ]

19	SIL
[start = 61963]
[end = 62589]

20	ai1
[start = 62589]
[end = 65856]
[peaknum = 55]
[62951 63032 63106 63173 63237 63299 63358 63417 63473 63529 63584 63638 63692 63745 63798 63851 63904 63956 64008 64060 64111 64163 64215 64267 64319 64371 64422 64474 64526 64578 64629 64681 64732 64783 64834 64884 64935 64985 65036 65086 65136 65186 65236 65285 65335 65384 65434 65483 65532 65581 65631 65680 65729 65779 65829 ]

21	SIL
[start = 65856]
[end = 66720]

22	ji2
[start = 66720]
[end = 71728]
[peaknum = 39]
[67891 67976 68063 68152 68242 68332 68423 68515 68608 68704 68802 68901 69003 69106 69211 69318 69425 69532 69640 69747 69854 69961 70068 70174 70280 70386 70490 70594 70696 70798 70899 70999 71099 71199 71297 71393 71486 71574 71658 ]

23	SIL
[start = 71728]
[end = 75504]

24	chu1
[start = 75504]
[end = 78751]
[peaknum = 33]
[76836 76892 76950 77008 77066 77125 77184 77243 77302 77361 77420 77479 77539 77598 77657 77716 77776 77835 77894 77954 78013 78073 78133 78192 78252 78313 78373 78433 78493 78554 78614 78676 78737 ]

25	xi2
[start = 78751]
[end = 84615]
[peaknum = 42]
[80826 80906 80988 81074 81161 81248 81336 81425 81514 81604 81695 81788 81881 81976 82071 82168 82265 82362 82460 82557 82654 82751 82849 82947 83045 83142 83238 83334 83428 83521 83612 83701 83790 83877 83964 84050 84135 84218 84299 84379 84459 84537 ]

26	sa4
[start = 84615]
[end = 89955]
[peaknum = 48]
[86770 86815 86860 86905 86950 86996 87042 87088 87135 87182 87229 87276 87324 87373 87421 87471 87520 87571 87621 87673 87724 87777 87830 87884 87938 87994 88051 88108 88167 88226 88287 88349 88413 88478 88545 88614 88686 88761 88838 88918 89000 89086 89174 89263 89353 89441 89524 89604 ]

27	da2
[start = 89955]
[end = 92720]
[peaknum = 23]
[90300 90397 90503 90616 90733 90855 90980 91106 91231 91356 91477 91594 91707 91816 91922 92024 92122 92218 92312 92401 92487 92571 92654 ]

28	SIL
[start = 92720]
[end = 92992]

29	te4
[start = 92992]
[end = 96456]
[peaknum = 29]
[94455 94508 94561 94614 94668 94722 94777 94833 94889 94947 95005 95064 95124 95185 95248 95312 95378 95445 95515 95586 95659 95733 95809 95885 95963 96045 96132 96218 96304 ]

30	de5
[start = 96456]
[end = 97936]
[peaknum = 10]
[96860 96962 97064 97168 97270 97371 97471 97569 97666 97761 ]

31	SIL
[start = 97936]
[end = 98672]

32	zang4
[start = 98672]
[end = 102881]
[peaknum = 52]
[99384 99437 99489 99541 99592 99643 99695 99746 99799 99851 99903 99955 100007 100059 100111 100163 100215 100266 100318 100370 100423 100476 100529 100583 100637 100693 100749 100807 100865 100925 100986 101048 101112 101177 101243 101311 101380 101452 101526 101602 101680 101761 101845 101931 102020 102112 102207 102306 102409 102514 102623 102737 ]

33	li3
[start = 102881]
[end = 105897]
[peaknum = 12]
[103240 103344 103457 103576 103699 103836 103948 104068 104178 104275 104367 104458 ]

34	SIL
[start = 105897]
[end = 107082]

