[SampleRate = 16000]
[ElementNum = 30]
1	SIL
[start = 0]
[end = 1744]

2	wo3
[start = 1744]
[end = 4016]
[peaknum = 29]
[1896 1958 2021 2087 2155 2223 2291 2359 2427 2495 2564 2633 2702 2773 2844 2918 2993 3069 3146 3224 3303 3384 3466 3550 3634 3720 3806 3894 3984 ]

3	men5
[start = 4016]
[end = 6812]
[peaknum = 35]
[4078 4167 4253 4338 4423 4508 4593 4677 4761 4843 4924 5003 5082 5160 5237 5315 5392 5470 5549 5627 5705 5784 5861 5939 6016 6095 6175 6252 6327 6403 6478 6553 6628 6703 6779 ]

4	nan2
[start = 6812]
[end = 10564]
[peaknum = 49]
[6854 6929 7004 7079 7155 7231 7307 7384 7461 7538 7615 7696 7778 7863 7949 8036 8124 8213 8303 8393 8484 8575 8666 8756 8847 8938 9028 9117 9205 9290 9374 9454 9530 9605 9676 9746 9813 9880 9945 10009 10072 10135 10197 10259 10320 10381 10441 10501 10560 ]

5	ren2
[start = 10564]
[end = 16416]
[peaknum = 69]
[10619 10678 10737 10796 10855 10913 10972 11030 11089 11148 11207 11266 11326 11387 11448 11510 11573 11637 11703 11770 11840 11912 11986 12062 12141 12222 12305 12389 12476 12565 12656 12749 12843 12939 13036 13135 13235 13336 13437 13538 13640 13741 13842 13943 14045 14147 14249 14351 14453 14555 14657 14758 14860 14960 15061 15161 15260 15358 15457 15555 15653 15751 15850 15949 16046 16136 16218 16295 16369 ]

6	SIL
[start = 16416]
[end = 16638]

7	wei4
[start = 16638]
[end = 20820]
[peaknum = 66]
[17448 17518 17584 17648 17709 17769 17828 17885 17942 17996 18049 18100 18149 18198 18245 18290 18336 18381 18426 18470 18515 18559 18602 18646 18689 18733 18776 18819 18862 18906 18949 18993 19036 19080 19124 19168 19213 19257 19302 19347 19393 19439 19485 19532 19580 19628 19676 19725 19775 19826 19877 19930 19983 20037 20093 20149 20207 20265 20325 20386 20447 20510 20574 20639 20707 20778 ]

8	he2
[start = 20820]
[end = 26001]
[peaknum = 41]
[22727 22800 22875 22952 23032 23114 23197 23282 23368 23454 23541 23628 23715 23803 23890 23979 24069 24159 24250 24340 24429 24518 24605 24691 24775 24859 24940 25020 25099 25176 25251 25325 25397 25469 25541 25613 25685 25758 25832 25905 25980 ]

9	reng2
[start = 26001]
[end = 31555]
[peaknum = 67]
[26055 26132 26209 26288 26367 26447 26528 26609 26690 26772 26855 26940 27025 27112 27200 27290 27381 27474 27567 27661 27756 27851 27947 28044 28140 28237 28334 28431 28528 28624 28719 28814 28908 29001 29093 29184 29274 29363 29450 29536 29622 29706 29790 29872 29953 30032 30110 30186 30260 30333 30404 30475 30544 30613 30680 30747 30813 30878 30942 31005 31067 31129 31190 31250 31311 31373 31434 ]

10	jian1
[start = 31555]
[end = 36315]
[peaknum = 68]
[33105 33153 33201 33249 33297 33345 33393 33441 33489 33537 33584 33631 33678 33725 33772 33819 33866 33913 33960 34007 34053 34100 34147 34194 34240 34287 34334 34381 34427 34474 34521 34568 34615 34662 34709 34756 34803 34849 34896 34943 34989 35036 35083 35130 35177 35224 35271 35318 35364 35411 35457 35503 35550 35596 35641 35687 35732 35777 35823 35868 35913 35959 36004 36050 36097 36144 36192 36241 ]

11	chi2
[start = 36315]
[end = 40835]
[peaknum = 20]
[39206 39288 39372 39458 39545 39632 39719 39806 39892 39978 40063 40148 40231 40315 40397 40479 40560 40642 40723 40802 ]

12	mei3
[start = 40835]
[end = 45488]
[peaknum = 47]
[40879 40955 41030 41105 41180 41254 41327 41401 41475 41548 41622 41695 41768 41842 41917 41992 42068 42145 42222 42298 42376 42455 42536 42619 42703 42789 42876 42964 43055 43148 43246 43347 43452 43561 43673 43788 43905 44025 44146 44268 44391 44515 44639 44762 44885 45010 45135 ]

13	SIL
[start = 45488]
[end = 45952]

14	tian1
[start = 45952]
[end = 51008]
[peaknum = 52]
[47796 47855 47913 47973 48034 48095 48157 48218 48280 48342 48404 48467 48529 48592 48654 48717 48779 48842 48905 48968 49031 49094 49157 49220 49284 49347 49410 49474 49537 49601 49665 49729 49793 49857 49921 49985 50048 50111 50174 50236 50298 50359 50420 50481 50542 50602 50661 50721 50780 50840 50901 50962 ]

15	SIL
[start = 51008]
[end = 51648]

16	zhao4
[start = 51648]
[end = 55322]
[peaknum = 60]
[52133 52176 52219 52263 52306 52350 52395 52439 52483 52528 52572 52617 52662 52707 52752 52797 52842 52888 52933 52979 53026 53072 53119 53167 53215 53263 53312 53361 53410 53461 53511 53563 53615 53668 53721 53775 53830 53885 53941 53998 54055 54114 54172 54232 54292 54353 54415 54477 54540 54603 54667 54732 54797 54863 54930 54998 55065 55133 55199 55266 ]

17	li4
[start = 55322]
[end = 58628]
[peaknum = 42]
[55641 55700 55759 55820 55881 55943 56006 56068 56132 56195 56259 56323 56387 56453 56518 56585 56652 56719 56787 56856 56926 56997 57069 57142 57216 57292 57370 57448 57529 57610 57692 57776 57861 57946 58031 58117 58202 58286 58370 58453 58536 58618 ]

18	yao4
[start = 58628]
[end = 62784]
[peaknum = 48]
[58699 58781 58861 58941 59020 59096 59171 59244 59315 59386 59457 59529 59601 59673 59746 59819 59892 59966 60042 60118 60195 60272 60351 60431 60512 60595 60678 60764 60850 60939 61029 61121 61214 61308 61404 61499 61594 61689 61783 61876 61968 62059 62151 62244 62338 62430 62520 62608 ]

19	SIL
[start = 62784]
[end = 63429]

20	da3
[start = 63429]
[end = 66432]
[peaknum = 26]
[63703 63784 63867 63951 64036 64125 64217 64315 64417 64524 64634 64748 64866 64988 65111 65234 65359 65485 65610 65734 65858 65976 66089 66197 66297 66392 ]

21	SIL
[start = 66432]
[end = 67056]

22	zhe4
[start = 67056]
[end = 69529]
[peaknum = 29]
[67496 67557 67617 67678 67738 67799 67858 67917 67976 68035 68095 68154 68214 68274 68335 68396 68459 68522 68587 68654 68722 68792 68863 68936 69010 69088 69170 69255 69341 ]

23	chang3
[start = 69529]
[end = 74768]
[peaknum = 15]
[71862 71953 72054 72159 72262 72360 72456 72555 72655 72759 72865 72964 73055 73137 73216 ]

24	SIL
[start = 74768]
[end = 75470]

25	ying2
[start = 75470]
[end = 80297]
[peaknum = 53]
[76038 76136 76225 76308 76389 76468 76548 76627 76707 76787 76867 76948 77030 77112 77196 77281 77368 77455 77544 77634 77725 77815 77904 77993 78081 78169 78257 78344 78430 78515 78598 78679 78759 78838 78914 78989 79063 79135 79206 79275 79343 79410 79476 79540 79604 79666 79728 79789 79849 79909 79969 80029 80088 ]

26	bu5
[start = 80297]
[end = 82164]
[peaknum = 31]
[80594 80639 80682 80726 80771 80816 80862 80909 80955 81003 81050 81098 81146 81194 81242 81292 81341 81391 81442 81494 81546 81600 81654 81710 81768 81828 81890 81954 82021 82090 82162 ]

27	liao3
[start = 82164]
[end = 85900]
[peaknum = 17]
[82231 82298 82366 82432 82500 82567 82634 82702 82771 82842 82917 82994 83074 83157 83244 83335 83430 ]

28	de5
[start = 85900]
[end = 87136]
[peaknum = 9]
[86194 86294 86398 86506 86612 86718 86823 86927 87039 ]

29	zhang4
[start = 87136]
[end = 91649]
[peaknum = 33]
[88438 88499 88558 88617 88675 88734 88792 88850 88908 88966 89025 89083 89142 89201 89261 89321 89382 89444 89507 89570 89636 89702 89770 89840 89911 89984 90060 90139 90223 90312 90409 90514 90629 ]

30	SIL
[start = 91649]
[end = 93667]

