[SampleRate = 16000]
[ElementNum = 29]
1	SIL
[start = 0]
[end = 1232]

2	bing4
[start = 1232]
[end = 3874]
[peaknum = 53]
[1304 1345 1387 1428 1470 1513 1555 1598 1640 1683 1726 1768 1811 1854 1898 1941 1985 2029 2073 2117 2160 2204 2248 2293 2337 2382 2427 2473 2518 2564 2611 2658 2705 2752 2800 2849 2898 2948 2999 3050 3102 3154 3208 3262 3316 3372 3428 3486 3544 3603 3665 3734 3808 ]

3	qie3
[start = 3874]
[end = 9250]
[peaknum = 37]
[5605 5674 5744 5817 5894 5973 6053 6137 6223 6312 6403 6497 6592 6689 6787 6887 6991 7098 7207 7318 7429 7541 7652 7764 7876 7987 8098 8208 8315 8419 8519 8616 8709 8800 8887 8974 9060 ]

4	hai2
[start = 9250]
[end = 12746]
[peaknum = 26]
[10566 10647 10730 10817 10906 10997 11088 11180 11271 11361 11451 11540 11628 11715 11801 11886 11970 12053 12134 12215 12293 12371 12448 12525 12602 12679 ]

5	xu1
[start = 12746]
[end = 16064]
[peaknum = 23]
[14768 14827 14887 14946 15006 15065 15125 15184 15244 15303 15363 15422 15480 15539 15597 15655 15713 15770 15828 15885 15942 15999 16056 ]

6	yao4
[start = 16064]
[end = 20112]
[peaknum = 56]
[16113 16169 16226 16282 16339 16396 16453 16510 16568 16626 16685 16746 16807 16869 16932 16997 17062 17129 17196 17265 17335 17405 17477 17549 17623 17697 17773 17849 17926 18003 18082 18161 18241 18321 18402 18483 18565 18647 18729 18811 18893 18974 19056 19137 19219 19300 19381 19462 19542 19621 19698 19772 19845 19919 19993 20067 ]

7	SIL
[start = 20112]
[end = 21026]

8	geng4
[start = 21026]
[end = 24752]
[peaknum = 64]
[21287 21334 21381 21427 21473 21519 21565 21611 21657 21702 21747 21793 21838 21883 21928 21973 22017 22062 22107 22152 22197 22242 22287 22333 22378 22424 22470 22516 22563 22610 22658 22705 22754 22803 22852 22902 22953 23005 23058 23111 23166 23221 23276 23333 23390 23448 23507 23567 23628 23689 23752 23815 23879 23943 24008 24074 24140 24206 24273 24340 24409 24480 24555 24631 ]

9	SIL
[start = 24752]
[end = 25264]

10	duo1
[start = 25264]
[end = 27718]
[peaknum = 46]
[25470 25520 25570 25620 25672 25724 25776 25828 25880 25932 25984 26035 26086 26137 26187 26237 26287 26336 26385 26434 26483 26531 26579 26627 26675 26723 26770 26817 26864 26911 26958 27004 27051 27097 27143 27189 27234 27280 27326 27372 27418 27464 27510 27556 27602 27648 ]

11	SIL
[start = 27718]
[end = 28056]

12	de5
[start = 28056]
[end = 30490]
[peaknum = 28]
[28345 28399 28453 28509 28566 28625 28687 28751 28817 28885 28955 29028 29102 29179 29258 29338 29421 29505 29592 29681 29773 29871 29974 30080 30182 30281 30377 30471 ]

13	ren2
[start = 30490]
[end = 33667]
[peaknum = 32]
[30559 30638 30719 30811 30910 31013 31120 31230 31342 31455 31569 31684 31800 31914 32028 32140 32253 32363 32467 32567 32663 32756 32846 32934 33018 33101 33182 33262 33340 33417 33494 33570 ]

14	shou3
[start = 33667]
[end = 39212]
[peaknum = 18]
[35578 35656 35737 35820 35906 35995 36087 36181 36279 36380 36486 36596 36709 36824 36940 37054 37165 37271 ]

15	SIL
[start = 39212]
[end = 43872]

16	nin2
[start = 43872]
[end = 46383]
[peaknum = 32]
[44004 44078 44153 44230 44308 44385 44463 44541 44619 44697 44775 44854 44933 45012 45091 45169 45247 45325 45401 45477 45553 45628 45702 45776 45848 45921 45992 46063 46133 46203 46273 46342 ]

17	jiu4
[start = 46383]
[end = 50832]
[peaknum = 50]
[47039 47098 47156 47214 47274 47334 47395 47457 47519 47582 47645 47711 47778 47847 47917 47988 48060 48132 48206 48280 48355 48430 48507 48584 48662 48740 48819 48899 48980 49061 49143 49226 49310 49394 49479 49564 49649 49734 49820 49906 49993 50080 50167 50254 50340 50426 50512 50599 50687 50773 ]

18	SIL
[start = 50832]
[end = 51280]

19	jin2
[start = 51280]
[end = 55292]
[peaknum = 42]
[52363 52439 52516 52597 52678 52760 52842 52926 53010 53095 53180 53264 53347 53429 53510 53589 53666 53741 53813 53884 53952 54019 54083 54146 54208 54268 54327 54385 54442 54499 54554 54610 54664 54719 54774 54830 54886 54943 55000 55058 55117 55176 ]

20	guan3
[start = 55292]
[end = 58948]
[peaknum = 31]
[55879 55937 55996 56057 56120 56185 56252 56322 56396 56474 56556 56644 56741 56844 56954 57066 57183 57306 57433 57561 57686 57810 57935 58060 58196 58308 58427 58540 58647 58750 58848 ]

21	fen1
[start = 58948]
[end = 62877]
[peaknum = 40]
[60505 60566 60628 60690 60752 60815 60878 60940 61003 61066 61128 61190 61253 61314 61376 61438 61499 61560 61621 61682 61744 61805 61865 61926 61986 62046 62105 62164 62222 62280 62338 62396 62454 62512 62570 62629 62688 62748 62809 62870 ]

22	fu4
[start = 62877]
[end = 67152]
[peaknum = 31]
[64511 64567 64626 64687 64752 64818 64886 64955 65025 65097 65170 65244 65320 65398 65479 65562 65647 65734 65825 65917 66011 66106 66202 66298 66394 66491 66588 66685 66783 66883 66986 ]

23	SIL
[start = 67152]
[end = 67552]

24	zong3
[start = 67552]
[end = 70992]
[peaknum = 16]
[68535 68617 68701 68786 68872 68961 69052 69146 69243 69343 69446 69552 69661 69771 69885 70002 ]

25	si1
[start = 70992]
[end = 74822]
[peaknum = 20]
[73627 73694 73761 73829 73897 73964 74031 74096 74160 74223 74285 74346 74406 74466 74526 74585 74644 74703 74761 74818 ]

26	ling4
[start = 74822]
[end = 78694]
[peaknum = 61]
[74875 74931 74986 75041 75096 75150 75203 75253 75303 75352 75401 75450 75499 75548 75597 75646 75695 75744 75793 75842 75891 75941 75990 76039 76089 76139 76189 76239 76290 76341 76393 76445 76498 76551 76605 76660 76716 76774 76833 76893 76955 77019 77085 77152 77222 77294 77369 77446 77527 77610 77696 77785 77877 77971 78068 78166 78265 78363 78457 78549 78642 ]

27	hao3
[start = 78694]
[end = 82968]
[peaknum = 9]
[80697 80792 80891 80992 81097 81209 81330 81455 81580 ]

28	le5
[start = 82968]
[end = 86333]
[peaknum = 10]
[84348 84464 84589 84701 84833 84949 85085 85224 85364 85502 ]

29	SIL
[start = 86333]
[end = 88157]

