[SampleRate = 16000]
[ElementNum = 34]
1	SIL
[start = 0]
[end = 3178]

2	heng2
[start = 3178]
[end = 6951]
[peaknum = 49]
[4202 4268 4335 4403 4473 4544 4616 4687 4759 4829 4899 4968 5037 5104 5171 5236 5299 5361 5422 5481 5539 5595 5651 5706 5760 5814 5868 5920 5972 6023 6073 6123 6172 6220 6268 6316 6363 6411 6458 6505 6553 6600 6648 6696 6744 6792 6841 6890 6939 ]

3	liang2
[start = 6951]
[end = 11968]
[peaknum = 84]
[6989 7037 7086 7133 7181 7229 7276 7324 7372 7420 7469 7519 7569 7620 7671 7723 7776 7830 7884 7940 7996 8053 8112 8171 8232 8295 8358 8423 8490 8557 8625 8695 8765 8836 8908 8981 9054 9127 9202 9277 9352 9428 9503 9578 9652 9725 9798 9871 9942 10012 10081 10149 10216 10282 10347 10410 10473 10535 10596 10657 10717 10775 10833 10890 10947 11002 11057 11112 11166 11218 11271 11323 11375 11427 11479 11531 11583 11635 11687 11740 11793 11845 11899 11952 ]

4	SIL
[start = 11968]
[end = 12641]

5	guang3
[start = 12641]
[end = 16644]
[peaknum = 34]
[13109 13180 13253 13327 13405 13486 13571 13663 13759 13861 13968 14081 14197 14317 14438 14561 14683 14805 14926 15046 15169 15295 15425 15544 15667 15790 15908 16021 16130 16236 16335 16427 16513 16595 ]

6	gao4
[start = 16644]
[end = 19834]
[peaknum = 42]
[16952 17015 17077 17139 17201 17262 17323 17384 17444 17504 17565 17626 17686 17748 17810 17872 17936 18000 18065 18131 18198 18267 18337 18408 18480 18554 18628 18704 18780 18857 18935 19014 19093 19172 19251 19330 19408 19486 19564 19643 19721 19801 ]

7	xi1
[start = 19834]
[end = 23953]
[peaknum = 35]
[22249 22296 22343 22390 22438 22486 22534 22582 22630 22678 22726 22774 22822 22870 22918 22966 23014 23062 23111 23159 23208 23257 23306 23355 23405 23454 23504 23555 23605 23656 23707 23759 23811 23863 23916 ]

8	yin3
[start = 23953]
[end = 26845]
[peaknum = 21]
[23969 24023 24078 24133 24189 24246 24304 24362 24422 24482 24542 24605 24669 24737 24809 24887 24971 25061 25156 25256 25361 ]

9	li4
[start = 26845]
[end = 30140]
[peaknum = 39]
[26886 26985 27080 27172 27259 27343 27424 27501 27574 27646 27718 27789 27860 27930 28001 28072 28144 28216 28290 28364 28439 28515 28593 28673 28754 28837 28921 29006 29093 29181 29269 29359 29450 29542 29638 29738 29842 29938 30025 ]

10	de5
[start = 30140]
[end = 33521]
[peaknum = 34]
[30728 30818 30910 31001 31094 31187 31280 31374 31469 31563 31658 31752 31847 31941 32035 32129 32223 32315 32406 32496 32584 32669 32751 32831 32907 32981 33052 33121 33189 33255 33319 33383 33447 33511 ]

11	SIL
[start = 33521]
[end = 34000]

12	ling4
[start = 34000]
[end = 36841]
[peaknum = 56]
[34070 34118 34166 34213 34260 34306 34352 34397 34442 34487 34531 34575 34619 34663 34706 34750 34793 34836 34880 34923 34967 35011 35054 35099 35143 35187 35232 35277 35322 35367 35413 35459 35505 35551 35598 35646 35694 35742 35792 35842 35893 35944 35997 36051 36106 36162 36219 36277 36337 36397 36459 36522 36587 36653 36720 36789 ]

13	yi1
[start = 36841]
[end = 38896]
[peaknum = 26]
[36859 36930 37003 37077 37153 37230 37309 37389 37471 37553 37636 37720 37803 37887 37971 38054 38137 38221 38304 38386 38467 38548 38630 38714 38805 38894 ]

14	SIL
[start = 38896]
[end = 39200]

15	zhong3
[start = 39200]
[end = 42672]
[peaknum = 27]
[39894 39976 40059 40143 40231 40321 40415 40512 40614 40719 40827 40937 41049 41162 41276 41391 41507 41627 41750 41875 41997 42116 42231 42340 42444 42546 42649 ]

16	xin1
[start = 42672]
[end = 47616]
[peaknum = 38]
[45636 45691 45745 45800 45854 45909 45964 46018 46073 46128 46182 46237 46292 46346 46401 46456 46511 46566 46620 46675 46729 46783 46837 46890 46943 46996 47049 47101 47154 47206 47257 47309 47360 47411 47462 47512 47563 47614 ]

17	SIL
[start = 47616]
[end = 47984]

18	ji4
[start = 47984]
[end = 51232]
[peaknum = 37]
[48801 48849 48897 48945 48995 49045 49095 49146 49197 49249 49301 49354 49408 49463 49519 49576 49634 49694 49755 49818 49882 49948 50016 50086 50158 50233 50310 50390 50472 50556 50643 50732 50823 50915 51009 51104 51199 ]

19	shu4
[start = 51232]
[end = 56672]
[peaknum = 14]
[53595 53678 53762 53847 53935 54025 54118 54213 54311 54411 54517 54626 54741 54845 ]

20	SIL
[start = 56672]
[end = 62000]

21	shi4
[start = 62000]
[end = 65357]
[peaknum = 35]
[63362 63411 63460 63510 63561 63613 63665 63718 63770 63822 63875 63929 63982 64037 64091 64146 64202 64258 64315 64373 64431 64490 64550 64611 64673 64736 64801 64866 64931 64997 65063 65130 65196 65262 65328 ]

22	yong4
[start = 65357]
[end = 71344]
[peaknum = 80]
[65393 65458 65523 65586 65650 65713 65776 65839 65901 65964 66027 66091 66155 66220 66286 66353 66420 66489 66557 66627 66697 66767 66838 66910 66982 67054 67127 67201 67275 67349 67424 67499 67575 67651 67728 67805 67882 67959 68037 68115 68194 68273 68352 68431 68510 68590 68670 68750 68830 68910 68990 69071 69151 69232 69313 69394 69474 69555 69636 69717 69798 69879 69960 70041 70121 70201 70281 70361 70440 70518 70596 70673 70749 70824 70899 70973 71046 71119 71192 71268 ]

23	SIL
[start = 71344]
[end = 72192]

24	dian4
[start = 72192]
[end = 76368]
[peaknum = 66]
[72493 72540 72587 72633 72680 72727 72773 72819 72865 72911 72957 73002 73047 73092 73137 73182 73226 73271 73316 73361 73407 73452 73498 73544 73590 73636 73683 73730 73778 73826 73874 73923 73972 74022 74073 74125 74177 74231 74285 74339 74395 74453 74511 74572 74634 74698 74763 74830 74900 74972 75046 75122 75201 75282 75364 75446 75530 75615 75701 75788 75875 75964 76053 76142 76234 76324 ]

25	SIL
[start = 76368]
[end = 76848]

26	ji2
[start = 76848]
[end = 82606]
[peaknum = 43]
[78105 78196 78285 78375 78465 78556 78648 78740 78834 78929 79025 79121 79218 79316 79415 79513 79613 79711 79808 79904 79998 80091 80182 80272 80361 80449 80537 80623 80709 80794 80878 80962 81044 81126 81207 81288 81367 81446 81525 81603 81683 81766 81853 ]

27	SIL
[start = 82606]
[end = 82896]

28	liang2
[start = 82896]
[end = 88928]
[peaknum = 66]
[83403 83508 83609 83704 83793 83879 83963 84047 84132 84218 84302 84385 84466 84548 84631 84714 84798 84884 84971 85058 85145 85231 85318 85406 85497 85592 85688 85786 85886 85986 86087 86189 86290 86390 86490 86590 86688 86787 86885 86981 87076 87170 87262 87353 87441 87527 87610 87692 87771 87848 87924 87997 88069 88138 88207 88274 88340 88405 88469 88532 88594 88656 88717 88778 88839 88898 ]

29	SIL
[start = 88928]
[end = 89328]

30	du4
[start = 89328]
[end = 91910]
[peaknum = 41]
[89622 89668 89713 89760 89806 89854 89901 89949 89996 90044 90092 90140 90188 90237 90286 90335 90386 90436 90488 90540 90593 90647 90702 90757 90814 90873 90932 90993 91056 91120 91185 91250 91317 91384 91452 91522 91593 91667 91745 91825 91908 ]

31	nao3
[start = 91910]
[end = 96448]
[peaknum = 28]
[91994 92082 92171 92259 92348 92438 92530 92622 92716 92810 92905 93000 93095 93190 93286 93383 93481 93582 93689 93803 93921 94041 94165 94291 94416 94562 94702 94834 ]

32	SIL
[start = 96448]
[end = 97184]

33	bo1
[start = 97184]
[end = 102080]
[peaknum = 77]
[97474 97543 97613 97683 97752 97819 97885 97950 98015 98079 98143 98206 98269 98332 98394 98456 98519 98581 98643 98705 98768 98830 98891 98953 99014 99075 99136 99197 99257 99318 99378 99438 99498 99558 99618 99678 99737 99797 99856 99916 99975 100034 100094 100153 100212 100271 100330 100390 100449 100509 100568 100628 100687 100747 100806 100865 100924 100983 101042 101101 101159 101218 101276 101334 101392 101449 101506 101562 101617 101672 101726 101780 101832 101883 101935 101986 102038 ]

34	SIL
[start = 102080]
[end = 104446]

