[SampleRate = 16000]
[ElementNum = 33]
1	SIL
[start = 0]
[end = 2000]

2	yao4
[start = 2000]
[end = 4769]
[peaknum = 58]
[2084 2129 2174 2219 2264 2309 2355 2400 2444 2488 2532 2576 2619 2662 2705 2748 2791 2834 2876 2919 2961 3004 3047 3090 3133 3176 3219 3263 3307 3351 3395 3440 3484 3529 3575 3621 3667 3713 3760 3807 3855 3903 3951 4000 4050 4100 4150 4201 4252 4304 4357 4410 4464 4518 4573 4628 4685 4742 ]

3	shi5
[start = 4769]
[end = 8382]
[peaknum = 22]
[6890 6944 7000 7058 7120 7183 7248 7313 7380 7447 7514 7583 7652 7722 7793 7865 7938 8011 8085 8159 8233 8308 ]

4	wo3
[start = 8382]
[end = 11283]
[peaknum = 26]
[8384 8460 8539 8618 8700 8783 8867 8952 9038 9125 9213 9302 9392 9482 9574 9665 9756 9848 9941 10038 10138 10244 10354 10461 10563 10667 ]

5	SIL
[start = 11283]
[end = 11695]

6	de5
[start = 11695]
[end = 13232]
[peaknum = 14]
[11859 11954 12056 12163 12270 12375 12478 12578 12677 12775 12870 12965 13059 13153 ]

7	shou1
[start = 13232]
[end = 18059]
[peaknum = 53]
[15240 15294 15349 15404 15460 15515 15570 15625 15679 15734 15788 15843 15897 15952 16006 16060 16114 16168 16222 16276 16330 16384 16438 16491 16545 16598 16651 16704 16757 16809 16862 16914 16967 17019 17071 17122 17174 17225 17277 17328 17379 17430 17481 17532 17583 17634 17686 17738 17792 17847 17903 17959 18015 ]

8	ru4
[start = 18059]
[end = 23290]
[peaknum = 40]
[18741 18789 18837 18886 18935 18985 19035 19086 19138 19190 19243 19297 19352 19408 19464 19522 19580 19640 19701 19763 19826 19890 19956 20022 20089 20157 20227 20298 20371 20447 20525 20606 20691 20778 20869 20961 21056 21152 21249 21352 ]

9	SIL
[start = 23290]
[end = 25424]

10	zeng1
[start = 25424]
[end = 28591]
[peaknum = 40]
[26373 26428 26484 26540 26595 26651 26708 26764 26820 26876 26932 26989 27045 27101 27158 27215 27271 27328 27384 27441 27497 27554 27610 27667 27723 27780 27836 27893 27949 28006 28062 28119 28175 28231 28288 28344 28400 28457 28515 28574 ]

11	jia1
[start = 28591]
[end = 31568]
[peaknum = 43]
[29133 29186 29238 29291 29344 29397 29450 29503 29558 29612 29667 29722 29777 29833 29889 29944 30000 30056 30112 30169 30225 30281 30338 30394 30450 30506 30563 30619 30676 30732 30788 30844 30900 30956 31012 31068 31124 31180 31236 31293 31351 31411 31474 ]

12	SIL
[start = 31568]
[end = 32112]

13	dao4
[start = 32112]
[end = 35978]
[peaknum = 47]
[32355 32410 32465 32523 32582 32642 32703 32765 32828 32892 32957 33023 33091 33159 33228 33297 33368 33439 33512 33586 33661 33737 33814 33892 33970 34049 34130 34212 34295 34380 34466 34554 34642 34732 34823 34915 35007 35099 35192 35285 35377 35470 35563 35655 35748 35841 35935 ]

14	neng2
[start = 35978]
[end = 41280]
[peaknum = 63]
[36028 36120 36211 36300 36390 36480 36571 36661 36752 36842 36933 37023 37114 37203 37292 37377 37465 37555 37646 37737 37829 37921 38013 38106 38199 38292 38386 38479 38573 38667 38761 38856 38950 39044 39137 39231 39323 39415 39506 39596 39685 39772 39858 39941 40023 40104 40182 40259 40334 40406 40477 40547 40616 40684 40750 40816 40882 40946 41011 41075 41138 41201 41264 ]

15	mai3
[start = 41280]
[end = 45328]
[peaknum = 47]
[41326 41388 41450 41511 41573 41634 41695 41756 41818 41879 41940 42002 42064 42126 42188 42252 42315 42379 42444 42509 42574 42639 42704 42770 42837 42906 42977 43050 43125 43203 43285 43371 43462 43557 43655 43758 43866 43977 44091 44207 44326 44445 44566 44690 44815 44937 45058 ]

16	SIL
[start = 45328]
[end = 45776]

17	de5
[start = 45776]
[end = 47488]
[peaknum = 21]
[45984 46061 46143 46228 46312 46393 46473 46550 46626 46700 46772 46843 46913 46981 47048 47115 47181 47247 47313 47382 47455 ]

18	SIL
[start = 47488]
[end = 48096]

19	qi3
[start = 48096]
[end = 52256]
[peaknum = 21]
[50264 50342 50423 50509 50597 50687 50779 50874 50971 51072 51175 51280 51385 51490 51596 51702 51809 51916 52022 52128 52235 ]

20	na4
[start = 52256]
[end = 56456]
[peaknum = 66]
[52341 52443 52537 52625 52710 52792 52872 52948 53022 53093 53163 53230 53296 53360 53423 53485 53546 53604 53660 53715 53768 53822 53875 53928 53981 54034 54087 54140 54193 54246 54299 54351 54403 54455 54507 54559 54610 54661 54713 54765 54818 54871 54924 54978 55032 55088 55144 55200 55257 55315 55374 55433 55493 55554 55616 55679 55743 55808 55874 55941 56009 56079 56151 56225 56302 56380 ]

21	SIL
[start = 56456]
[end = 56995]

22	ji3
[start = 56995]
[end = 60848]
[peaknum = 26]
[58114 58192 58273 58359 58444 58531 58619 58710 58804 58902 59003 59109 59219 59332 59448 59564 59682 59801 59920 60043 60170 60297 60424 60550 60670 60784 ]

23	yang4
[start = 60848]
[end = 65040]
[peaknum = 40]
[60886 60984 61081 61172 61259 61344 61427 61508 61588 61667 61745 61824 61903 61982 62063 62144 62226 62309 62393 62478 62564 62651 62738 62827 62917 63008 63099 63192 63286 63382 63480 63580 63681 63784 63887 63992 64100 64210 64325 64447 ]

24	SIL
[start = 65040]
[end = 65808]

25	wo2
[start = 65808]
[end = 68763]
[peaknum = 32]
[66433 66524 66612 66698 66784 66868 66953 67038 67124 67210 67295 67378 67459 67539 67618 67694 67768 67840 67911 67980 68048 68114 68177 68239 68299 68358 68417 68476 68534 68593 68652 68711 ]

26	xiang2
[start = 68763]
[end = 72829]
[peaknum = 39]
[70429 70484 70540 70598 70657 70717 70778 70840 70903 70966 71030 71094 71158 71223 71289 71354 71420 71486 71552 71617 71683 71748 71812 71877 71941 72004 72068 72132 72195 72258 72320 72381 72442 72503 72563 72622 72681 72740 72799 ]

27	mai3
[start = 72829]
[end = 76512]
[peaknum = 38]
[72857 72916 72975 73034 73093 73152 73211 73270 73329 73388 73448 73508 73570 73631 73694 73757 73820 73885 73949 74013 74078 74143 74208 74276 74347 74421 74498 74577 74659 74746 74839 74938 75042 75149 75260 75376 75495 75619 ]

28	SIL
[start = 76512]
[end = 77152]

29	de5
[start = 77152]
[end = 78432]
[peaknum = 7]
[77481 77591 77705 77821 77937 78050 78161 ]

30	SIL
[start = 78432]
[end = 79216]

31	dong1
[start = 79216]
[end = 82896]
[peaknum = 55]
[79730 79796 79861 79925 79989 80053 80116 80179 80241 80304 80366 80427 80488 80549 80610 80670 80730 80790 80850 80909 80968 81027 81086 81144 81202 81260 81318 81375 81433 81490 81546 81603 81659 81715 81771 81826 81882 81937 81991 82046 82100 82154 82207 82260 82313 82366 82419 82471 82524 82577 82631 82685 82739 82792 82846 ]

32	xi5
[start = 82896]
[end = 87152]
[peaknum = 10]
[85210 85308 85408 85511 85614 85719 85850 85977 86109 86249 ]

33	SIL
[start = 87152]
[end = 88636]

