[SampleRate = 16000]
[ElementNum = 33]
1	SIL
[start = 0]
[end = 1680]

2	qing3
[start = 1680]
[end = 5360]
[peaknum = 36]
[3053 3112 3172 3234 3297 3361 3427 3493 3560 3629 3697 3767 3838 3908 3979 4050 4121 4191 4261 4331 4400 4468 4536 4603 4669 4735 4800 4864 4927 4989 5051 5112 5172 5231 5289 5346 ]

3	wen4
[start = 5360]
[end = 9424]
[peaknum = 77]
[5402 5456 5510 5563 5615 5666 5717 5767 5816 5864 5912 5959 6006 6053 6100 6146 6193 6239 6285 6331 6378 6424 6470 6516 6563 6609 6656 6702 6749 6796 6843 6890 6938 6985 7033 7081 7130 7178 7227 7276 7326 7376 7426 7476 7527 7578 7630 7682 7734 7786 7839 7892 7946 8000 8055 8110 8166 8222 8279 8336 8394 8453 8513 8574 8636 8698 8759 8821 8884 8947 9010 9074 9138 9202 9266 9332 9397 ]

4	mei3
[start = 9424]
[end = 13040]
[peaknum = 40]
[9463 9529 9596 9663 9730 9799 9867 9936 10006 10076 10146 10217 10289 10362 10434 10506 10582 10661 10742 10824 10907 10991 11077 11164 11252 11343 11436 11531 11629 11729 11833 11942 12057 12175 12295 12416 12538 12662 12789 12916 ]

5	SIL
[start = 13040]
[end = 14108]

6	guo2
[start = 14108]
[end = 16832]
[peaknum = 27]
[14572 14670 14768 14865 14962 15058 15155 15251 15347 15444 15540 15637 15732 15826 15917 16007 16093 16175 16254 16330 16403 16474 16543 16611 16678 16745 16810 ]

7	yi1
[start = 16832]
[end = 19719]
[peaknum = 57]
[16875 16940 17003 17066 17128 17189 17249 17309 17367 17424 17481 17537 17592 17646 17700 17754 17807 17859 17911 17962 18013 18064 18114 18164 18214 18263 18312 18361 18409 18458 18506 18553 18601 18648 18696 18743 18790 18836 18883 18929 18975 19021 19067 19113 19159 19205 19251 19296 19342 19388 19434 19480 19526 19573 19620 19667 19715 ]

8	xue2
[start = 19719]
[end = 23584]
[peaknum = 19]
[21785 21860 21936 22013 22093 22176 22262 22351 22442 22536 22631 22728 22825 22922 23020 23118 23218 23321 23423 ]

9	SIL
[start = 23584]
[end = 23904]

10	jie4
[start = 23904]
[end = 28733]
[peaknum = 28]
[24990 25066 25140 25214 25289 25363 25438 25514 25591 25669 25748 25828 25910 25993 26079 26167 26259 26354 26451 26550 26652 26758 26866 26979 27091 27205 27327 27446 ]

11	SIL
[start = 28733]
[end = 30720]

12	dui4
[start = 30720]
[end = 34768]
[peaknum = 61]
[31046 31100 31154 31208 31263 31318 31373 31429 31484 31540 31595 31651 31707 31764 31821 31878 31935 31993 32051 32110 32168 32228 32287 32347 32407 32468 32529 32590 32652 32714 32777 32839 32902 32965 33029 33092 33156 33220 33284 33348 33412 33477 33541 33606 33671 33736 33801 33866 33931 33997 34062 34127 34193 34258 34323 34388 34454 34519 34584 34649 34713 ]

13	SIL
[start = 34768]
[end = 35696]

14	zhe4
[start = 35696]
[end = 38511]
[peaknum = 40]
[36486 36533 36578 36624 36671 36717 36764 36810 36856 36903 36949 36995 37041 37088 37134 37181 37228 37275 37322 37369 37417 37465 37514 37563 37612 37662 37713 37765 37817 37870 37924 37979 38035 38093 38153 38214 38277 38341 38406 38473 ]

15	lei4
[start = 38511]
[end = 40464]
[peaknum = 23]
[38542 38613 38685 38756 38825 38896 38968 39041 39117 39194 39273 39354 39437 39523 39611 39703 39798 39895 39997 40102 40211 40323 40437 ]

16	SIL
[start = 40464]
[end = 41136]

17	qing2
[start = 41136]
[end = 45120]
[peaknum = 22]
[42938 43036 43140 43250 43362 43476 43591 43704 43816 43924 44032 44138 44244 44348 44450 44548 44642 44732 44819 44904 44987 45070 ]

18	SIL
[start = 45120]
[end = 45284]

19	kuang4
[start = 45284]
[end = 50794]
[peaknum = 27]
[46596 46660 46724 46785 46846 46908 46972 47037 47104 47174 47245 47319 47395 47473 47553 47636 47722 47810 47902 47997 48097 48201 48308 48416 48523 48628 48738 ]

20	SIL
[start = 50794]
[end = 54371]

21	shi4
[start = 54371]
[end = 58992]
[peaknum = 40]
[56198 56261 56323 56387 56450 56514 56579 56645 56711 56778 56846 56914 56982 57052 57121 57191 57261 57332 57403 57475 57548 57621 57694 57768 57842 57917 57993 58068 58144 58220 58296 58372 58448 58523 58597 58670 58744 58818 58893 58968 ]

22	SIL
[start = 58992]
[end = 59337]

23	cai2
[start = 59337]
[end = 62823]
[peaknum = 21]
[61280 61364 61449 61534 61619 61703 61786 61866 61945 62022 62098 62171 62243 62312 62379 62446 62512 62578 62645 62711 62777 ]

24	SIL
[start = 62823]
[end = 63216]

25	qu3
[start = 63216]
[end = 67344]
[peaknum = 24]
[64979 65051 65127 65210 65296 65383 65471 65562 65654 65749 65846 65946 66050 66159 66270 66383 66496 66607 66717 66826 66938 67053 67168 67279 ]

26	shen2
[start = 67344]
[end = 71630]
[peaknum = 14]
[70239 70341 70444 70547 70652 70757 70862 70967 71072 71178 71287 71394 71495 71595 ]

27	me5
[start = 71630]
[end = 75440]
[peaknum = 61]
[71694 71791 71886 71979 72069 72157 72242 72324 72404 72482 72558 72632 72704 72775 72844 72911 72978 73043 73107 73170 73232 73293 73351 73408 73465 73521 73577 73633 73688 73743 73798 73852 73906 73959 74013 74066 74118 74171 74224 74276 74328 74380 74432 74483 74535 74586 74637 74688 74738 74788 74838 74888 74937 74987 75036 75086 75135 75185 75236 75287 75338 ]

28	SIL
[start = 75440]
[end = 76160]

29	zhi4
[start = 76160]
[end = 79020]
[peaknum = 30]
[77119 77170 77220 77271 77321 77372 77423 77475 77527 77581 77635 77690 77747 77804 77863 77922 77983 78044 78107 78170 78235 78302 78372 78446 78525 78608 78694 78786 78885 78989 ]

30	liao2
[start = 79020]
[end = 81807]
[peaknum = 21]
[79088 79185 79294 79411 79531 79654 79788 79916 80030 80157 80283 80410 80537 80665 80792 80918 81042 81167 81291 81407 81518 ]

31	fang1
[start = 81807]
[end = 85675]
[peaknum = 30]
[83249 83327 83406 83486 83567 83649 83732 83815 83898 83982 84065 84149 84232 84315 84398 84481 84564 84647 84730 84813 84896 84978 85061 85143 85225 85308 85390 85472 85554 85636 ]

32	an4
[start = 85675]
[end = 88852]
[peaknum = 24]
[85718 85801 85883 85966 86049 86133 86217 86301 86386 86471 86557 86643 86729 86817 86905 86995 87087 87180 87278 87380 87486 87597 87712 87829 ]

33	SIL
[start = 88852]
[end = 91032]

