[SampleRate = 16000]
[ElementNum = 33]
1	SIL
[start = 0]
[end = 1392]

2	you4
[start = 1392]
[end = 3995]
[peaknum = 48]
[1427 1473 1520 1567 1613 1659 1705 1752 1799 1845 1892 1938 1983 2029 2074 2120 2165 2211 2257 2303 2349 2396 2443 2490 2537 2585 2634 2682 2732 2781 2831 2882 2933 2985 3037 3090 3144 3198 3253 3308 3365 3422 3479 3537 3597 3657 3718 3779 ]

3	SIL
[start = 3995]
[end = 4432]

4	kan4
[start = 4432]
[end = 8046]
[peaknum = 35]
[5910 5965 6018 6071 6124 6176 6229 6283 6338 6393 6449 6506 6563 6622 6681 6741 6802 6864 6927 6990 7054 7119 7185 7250 7317 7384 7452 7520 7589 7659 7730 7801 7872 7944 8016 ]

5	dao5
[start = 8046]
[end = 10675]
[peaknum = 36]
[8086 8149 8207 8267 8330 8396 8464 8533 8602 8673 8744 8816 8888 8961 9035 9109 9184 9259 9336 9412 9489 9566 9643 9720 9797 9873 9947 10021 10095 10168 10241 10315 10389 10464 10539 10614 ]

6	yi1
[start = 10675]
[end = 13552]
[peaknum = 29]
[11501 11563 11626 11688 11751 11814 11877 11940 12004 12069 12135 12201 12269 12338 12407 12478 12550 12623 12697 12772 12847 12923 12999 13076 13153 13232 13311 13393 13476 ]

7	SIL
[start = 13552]
[end = 14366]

8	fu2
[start = 14366]
[end = 19728]
[peaknum = 45]
[15838 15929 16021 16113 16204 16296 16388 16479 16570 16661 16751 16841 16931 17021 17111 17201 17290 17379 17468 17557 17645 17734 17823 17911 18000 18087 18175 18262 18349 18435 18520 18604 18687 18768 18849 18927 19005 19081 19155 19230 19304 19380 19456 19535 19616 ]

9	SIL
[start = 19728]
[end = 20688]

10	biao3
[start = 20688]
[end = 23863]
[peaknum = 32]
[20966 21036 21108 21181 21254 21326 21400 21478 21557 21639 21722 21808 21896 21985 22078 22174 22273 22375 22480 22587 22696 22806 22918 23029 23139 23247 23353 23455 23556 23655 23753 23850 ]

11	xian4
[start = 23863]
[end = 29993]
[peaknum = 49]
[25901 25967 26033 26100 26168 26237 26306 26375 26445 26514 26585 26655 26727 26798 26870 26942 27016 27090 27165 27241 27317 27395 27473 27552 27632 27713 27794 27875 27958 28040 28124 28207 28292 28377 28462 28548 28634 28721 28808 28894 28981 29068 29156 29246 29341 29429 29510 29592 29676 ]

12	ye3
[start = 29993]
[end = 34423]
[peaknum = 42]
[30546 30635 30720 30801 30880 30957 31034 31111 31188 31265 31343 31422 31502 31583 31666 31749 31834 31920 32008 32097 32187 32277 32369 32462 32557 32654 32754 32855 32959 33064 33170 33277 33386 33495 33605 33716 33827 33939 34050 34160 34267 34374 ]

13	niu2
[start = 34423]
[end = 39936]
[peaknum = 56]
[34480 34585 34690 34795 34899 35001 35103 35205 35305 35406 35507 35609 35711 35815 35919 36023 36128 36233 36338 36442 36547 36651 36757 36864 36971 37078 37185 37292 37398 37503 37608 37713 37818 37923 38027 38130 38232 38333 38434 38533 38631 38729 38824 38918 39010 39099 39186 39271 39353 39432 39512 39591 39671 39752 39831 39908 ]

14	SIL
[start = 39936]
[end = 40640]

15	bei4
[start = 40640]
[end = 44658]
[peaknum = 58]
[40913 40966 41019 41073 41128 41184 41240 41297 41354 41411 41469 41527 41585 41644 41703 41762 41822 41883 41944 42006 42068 42131 42194 42258 42323 42389 42455 42521 42589 42657 42725 42794 42863 42933 43004 43075 43145 43217 43288 43360 43432 43505 43577 43650 43722 43795 43868 43941 44013 44086 44158 44230 44302 44374 44445 44516 44586 44655 ]

16	lie4
[start = 44658]
[end = 49015]
[peaknum = 71]
[44722 44788 44853 44917 44981 45044 45106 45167 45226 45285 45343 45401 45458 45514 45568 45620 45671 45722 45772 45822 45871 45921 45970 46019 46068 46117 46166 46215 46264 46312 46361 46410 46458 46507 46556 46605 46655 46704 46754 46805 46856 46907 46959 47011 47065 47119 47175 47232 47289 47348 47408 47469 47530 47593 47656 47721 47787 47856 47926 48000 48075 48153 48233 48315 48400 48487 48577 48670 48765 48865 48967 ]

17	ren2
[start = 49015]
[end = 54848]
[peaknum = 55]
[49073 49183 49296 49410 49523 49635 49745 49852 49958 50063 50168 50277 50388 50499 50609 50719 50829 50939 51050 51160 51270 51380 51490 51601 51712 51822 51932 52041 52150 52257 52363 52470 52575 52679 52783 52887 52989 53090 53190 53288 53385 53481 53575 53668 53759 53849 53936 54023 54108 54192 54278 54363 54445 54528 54610 ]

18	SIL
[start = 54848]
[end = 55440]

19	yong4
[start = 55440]
[end = 60637]
[peaknum = 67]
[55691 55763 55833 55902 55970 56037 56103 56169 56235 56302 56368 56433 56496 56558 56619 56681 56743 56805 56868 56931 56995 57059 57123 57189 57255 57322 57391 57460 57529 57599 57670 57741 57813 57885 57958 58032 58107 58182 58258 58335 58413 58492 58571 58650 58730 58810 58890 58971 59052 59133 59214 59295 59376 59458 59539 59619 59700 59780 59860 59940 60019 60099 60178 60258 60342 60427 60512 ]

20	zha1
[start = 60637]
[end = 64464]
[peaknum = 48]
[61554 61607 61658 61710 61763 61816 61869 61922 61976 62030 62083 62137 62191 62245 62298 62352 62405 62458 62512 62565 62618 62671 62724 62777 62830 62883 62936 62990 63043 63096 63150 63203 63257 63311 63365 63419 63473 63527 63581 63634 63688 63742 63796 63849 63902 63956 64009 64063 ]

21	SIL
[start = 64464]
[end = 64814]

22	qiang1
[start = 64814]
[end = 69522]
[peaknum = 56]
[66545 66595 66645 66695 66746 66798 66849 66901 66954 67006 67059 67112 67165 67218 67271 67324 67377 67431 67484 67538 67592 67646 67700 67754 67808 67862 67916 67970 68024 68078 68132 68186 68240 68295 68349 68403 68457 68512 68566 68620 68674 68728 68782 68836 68890 68944 68998 69052 69106 69159 69213 69267 69321 69376 69430 69484 ]

23	she4
[start = 69522]
[end = 74545]
[peaknum = 48]
[72119 72160 72201 72243 72285 72327 72370 72413 72457 72500 72544 72588 72632 72676 72720 72765 72810 72856 72901 72948 72994 73041 73088 73135 73183 73232 73281 73330 73380 73431 73482 73534 73587 73641 73695 73751 73807 73864 73923 73983 74043 74106 74169 74233 74299 74366 74434 74504 ]

24	si3
[start = 74545]
[end = 79264]
[peaknum = 10]
[77944 78062 78185 78310 78438 78567 78700 78846 78965 79104 ]

25	SIL
[start = 79264]
[end = 79824]

26	de5
[start = 79824]
[end = 81720]
[peaknum = 11]
[80176 80285 80399 80513 80627 80742 80857 80971 81083 81193 81301 ]

27	SIL
[start = 81720]
[end = 81918]

28	da4
[start = 81918]
[end = 85136]
[peaknum = 25]
[82893 82956 83020 83085 83150 83216 83282 83350 83417 83485 83554 83624 83695 83768 83843 83921 84001 84085 84171 84262 84359 84463 84574 84690 84812 ]

29	SIL
[start = 85136]
[end = 85744]

30	bi4
[start = 85744]
[end = 88320]
[peaknum = 20]
[86070 86158 86245 86331 86418 86505 86593 86681 86772 86864 86959 87057 87160 87270 87383 87496 87607 87719 87833 87945 ]

31	SIL
[start = 88320]
[end = 88418]

32	hua4
[start = 88418]
[end = 93360]
[peaknum = 23]
[89879 89952 90025 90101 90180 90259 90338 90419 90500 90583 90668 90754 90842 90931 91024 91122 91222 91325 91432 91545 91661 91779 91887 ]

33	SIL
[start = 93360]
[end = 94625]

