[SampleRate = 16000]
[ElementNum = 34]
1	SIL
[start = 0]
[end = 1584]

2	ran2
[start = 1584]
[end = 4593]
[peaknum = 34]
[1810 1888 1968 2050 2133 2218 2303 2388 2475 2561 2648 2735 2822 2909 2997 3084 3171 3258 3344 3430 3513 3595 3674 3751 3827 3900 3971 4041 4111 4179 4248 4317 4387 4456 ]

3	hou4
[start = 4593]
[end = 10624]
[peaknum = 48]
[6235 6284 6333 6384 6437 6493 6551 6610 6671 6734 6798 6863 6930 6999 7068 7139 7212 7285 7361 7438 7518 7600 7685 7772 7861 7952 8046 8143 8241 8341 8442 8545 8648 8753 8857 8962 9066 9170 9274 9378 9483 9589 9698 9810 9923 10040 10157 10275 ]

4	SIL
[start = 10624]
[end = 11600]

5	cong2
[start = 11600]
[end = 17695]
[peaknum = 54]
[13329 13403 13479 13557 13637 13718 13800 13882 13965 14048 14132 14215 14299 14384 14468 14552 14637 14722 14807 14893 14978 15063 15148 15232 15317 15401 15485 15569 15652 15735 15817 15899 15981 16062 16143 16223 16302 16381 16459 16536 16613 16689 16764 16839 16912 16984 17055 17126 17196 17265 17334 17402 17472 17544 ]

6	heng1
[start = 17695]
[end = 22464]
[peaknum = 60]
[19700 19746 19791 19837 19883 19930 19976 20023 20070 20117 20164 20211 20258 20306 20353 20400 20447 20494 20541 20588 20634 20681 20728 20774 20821 20868 20914 20961 21008 21055 21102 21149 21196 21243 21290 21337 21385 21432 21479 21526 21572 21619 21666 21713 21760 21806 21853 21899 21946 21992 22038 22085 22131 22177 22224 22270 22317 22363 22410 22457 ]

7	li4
[start = 22464]
[end = 26288]
[peaknum = 59]
[22504 22551 22599 22646 22694 22742 22791 22839 22887 22934 22982 23030 23078 23126 23175 23225 23275 23325 23376 23428 23481 23535 23589 23645 23702 23759 23818 23878 23939 24001 24065 24129 24195 24261 24329 24399 24470 24542 24617 24693 24771 24850 24931 25012 25094 25177 25261 25345 25430 25515 25601 25688 25774 25861 25947 26033 26118 26201 26284 ]

8	ha1
[start = 26288]
[end = 30512]
[peaknum = 39]
[28339 28389 28440 28490 28541 28592 28643 28695 28746 28797 28847 28898 28948 28999 29048 29098 29147 29196 29245 29294 29343 29391 29439 29487 29535 29583 29631 29679 29726 29774 29822 29869 29917 29965 30012 30060 30109 30157 30206 ]

9	SIL
[start = 30512]
[end = 30720]

10	de2
[start = 30720]
[end = 33008]
[peaknum = 26]
[31052 31110 31168 31229 31292 31358 31426 31497 31572 31650 31732 31818 31905 31993 32081 32168 32255 32339 32420 32498 32574 32649 32722 32794 32867 32939 ]

11	xun4
[start = 33008]
[end = 37913]
[peaknum = 43]
[35186 35238 35290 35343 35397 35451 35506 35561 35617 35673 35730 35788 35845 35904 35963 36023 36083 36144 36206 36269 36332 36397 36462 36527 36594 36661 36730 36799 36868 36938 37008 37079 37149 37220 37291 37361 37432 37502 37573 37643 37713 37783 37853 ]

12	su4
[start = 37913]
[end = 42223]
[peaknum = 43]
[40153 40196 40239 40283 40326 40371 40415 40459 40504 40549 40593 40638 40683 40728 40773 40818 40864 40910 40956 41003 41050 41097 41145 41192 41241 41289 41338 41388 41437 41487 41537 41588 41639 41691 41743 41795 41848 41902 41955 42009 42064 42119 42174 ]

13	xiang4
[start = 42223]
[end = 45872]
[peaknum = 43]
[43665 43710 43754 43799 43844 43890 43935 43981 44027 44073 44119 44166 44212 44259 44306 44353 44400 44448 44495 44543 44591 44640 44689 44739 44789 44839 44891 44943 44996 45050 45104 45160 45217 45275 45335 45395 45456 45518 45580 45643 45708 45774 45843 ]

14	na4
[start = 45872]
[end = 50074]
[peaknum = 47]
[45913 45985 46058 46132 46207 46283 46359 46435 46512 46589 46667 46744 46822 46900 46978 47057 47135 47215 47297 47381 47467 47555 47644 47734 47826 47918 48011 48105 48200 48296 48394 48493 48592 48693 48796 48900 49004 49108 49212 49315 49418 49521 49624 49729 49838 49951 50066 ]

15	li5
[start = 50074]
[end = 53488]
[peaknum = 22]
[50178 50282 50382 50484 50588 50695 50804 50914 51026 51138 51251 51363 51476 51591 51708 51828 51953 52080 52206 52333 52460 52588 ]

16	SIL
[start = 53488]
[end = 58400]

17	yan2
[start = 58400]
[end = 62081]
[peaknum = 45]
[58548 58627 58706 58786 58866 58946 59025 59105 59183 59262 59341 59421 59500 59578 59657 59738 59821 59906 59991 60076 60161 60245 60329 60412 60494 60575 60655 60733 60811 60886 60962 61036 61109 61180 61249 61317 61384 61449 61514 61577 61641 61705 61769 61833 61896 ]

18	zhe5
[start = 62081]
[end = 63920]
[peaknum = 26]
[62568 62618 62669 62719 62769 62819 62869 62919 62969 63019 63069 63119 63169 63219 63270 63321 63372 63425 63477 63531 63585 63640 63695 63752 63809 63867 ]

19	xue3
[start = 63920]
[end = 68704]
[peaknum = 18]
[66762 66837 66917 67000 67085 67171 67261 67355 67454 67556 67662 67772 67888 68008 68130 68254 68377 68502 ]

20	SIL
[start = 68704]
[end = 69888]

21	po1
[start = 69888]
[end = 75696]
[peaknum = 75]
[71532 71588 71644 71700 71758 71815 71873 71930 71987 72044 72101 72157 72214 72270 72326 72382 72438 72494 72549 72605 72661 72717 72772 72828 72883 72939 72994 73049 73105 73160 73215 73270 73325 73380 73435 73491 73546 73601 73656 73711 73766 73821 73876 73931 73986 74041 74096 74151 74206 74262 74317 74372 74427 74482 74537 74593 74648 74704 74759 74815 74871 74926 74982 75039 75095 75152 75209 75265 75321 75376 75429 75481 75532 75582 75631 ]

22	SIL
[start = 75696]
[end = 77488]

23	yi1
[start = 77488]
[end = 79952]
[peaknum = 44]
[77592 77640 77689 77738 77787 77836 77885 77934 77982 78030 78078 78126 78173 78221 78269 78316 78363 78411 78459 78506 78554 78602 78650 78699 78748 78797 78846 78897 78947 78999 79051 79104 79159 79214 79270 79327 79385 79445 79508 79574 79644 79719 79798 79876 ]

24	SIL
[start = 79952]
[end = 80496]

25	zhi2
[start = 80496]
[end = 83200]
[peaknum = 23]
[81440 81518 81597 81676 81754 81832 81910 81989 82067 82146 82226 82306 82387 82467 82548 82628 82708 82787 82864 82940 83014 83088 83161 ]

26	liu5
[start = 83200]
[end = 86443]
[peaknum = 55]
[83234 83307 83378 83449 83517 83581 83643 83704 83764 83823 83882 83941 83999 84057 84115 84173 84231 84288 84346 84403 84460 84517 84574 84630 84687 84744 84800 84857 84913 84969 85026 85082 85138 85194 85250 85306 85362 85418 85474 85530 85586 85642 85698 85754 85810 85867 85923 85980 86037 86094 86151 86209 86266 86324 86382 ]

27	SIL
[start = 86443]
[end = 86958]

28	dao4
[start = 86958]
[end = 91184]
[peaknum = 39]
[87227 87290 87354 87419 87486 87553 87623 87694 87767 87843 87921 88001 88084 88169 88257 88347 88440 88536 88634 88734 88837 88945 89056 89170 89286 89401 89514 89627 89741 89854 89964 90072 90174 90272 90366 90454 90538 90619 90697 ]

29	SIL
[start = 91184]
[end = 91968]

30	da4
[start = 91968]
[end = 94896]
[peaknum = 44]
[92353 92404 92455 92505 92556 92606 92657 92707 92757 92808 92859 92910 92961 93012 93064 93116 93168 93222 93275 93330 93384 93440 93497 93554 93612 93671 93731 93791 93852 93914 93977 94040 94105 94170 94237 94305 94373 94443 94513 94586 94661 94737 94812 94889 ]

31	SIL
[start = 94896]
[end = 95472]

32	zha4
[start = 95472]
[end = 99957]
[peaknum = 58]
[95985 96038 96090 96143 96195 96248 96301 96353 96406 96458 96511 96563 96616 96668 96721 96773 96826 96879 96932 96985 97038 97092 97146 97200 97255 97310 97366 97422 97479 97537 97595 97654 97713 97774 97836 97899 97963 98028 98096 98166 98239 98316 98394 98475 98558 98646 98737 98832 98930 99029 99131 99236 99342 99451 99561 99670 99779 99890 ]

33	lan5
[start = 99957]
[end = 103440]
[peaknum = 10]
[100022 100149 100266 100387 100512 100648 100784 100908 101043 101162 ]

34	SIL
[start = 103440]
[end = 104926]

