[SampleRate = 16000]
[ElementNum = 34]
1	SIL
[start = 0]
[end = 1376]

2	jie1
[start = 1376]
[end = 4440]
[peaknum = 49]
[2139 2186 2233 2280 2328 2377 2425 2472 2520 2567 2614 2660 2706 2752 2798 2843 2888 2933 2978 3023 3068 3112 3156 3200 3244 3288 3332 3376 3419 3463 3506 3550 3593 3637 3680 3724 3768 3811 3855 3899 3943 3987 4031 4075 4120 4165 4211 4258 4305 ]

3	SIL
[start = 4440]
[end = 4592]

4	zhe5
[start = 4592]
[end = 8352]
[peaknum = 40]
[5194 5246 5298 5352 5407 5463 5521 5579 5639 5700 5763 5828 5894 5962 6031 6101 6172 6245 6320 6396 6475 6556 6639 6724 6811 6900 6991 7085 7181 7279 7378 7480 7582 7684 7786 7887 7987 8085 8182 8279 ]

5	SIL
[start = 8352]
[end = 9024]

6	ta1
[start = 9024]
[end = 12115]
[peaknum = 27]
[10596 10654 10710 10767 10824 10881 10938 10994 11051 11108 11164 11221 11277 11334 11390 11447 11504 11561 11618 11676 11735 11793 11853 11913 11973 12034 12095 ]

7	you4
[start = 12115]
[end = 16151]
[peaknum = 58]
[12157 12218 12279 12340 12401 12461 12522 12583 12643 12703 12763 12822 12881 12941 13000 13060 13120 13180 13240 13301 13362 13423 13485 13547 13610 13674 13738 13803 13869 13935 14003 14071 14140 14209 14280 14351 14423 14496 14569 14643 14718 14793 14868 14944 15021 15098 15175 15252 15329 15406 15483 15560 15636 15712 15788 15864 15940 16016 ]

8	fan3
[start = 16151]
[end = 21713]
[peaknum = 31]
[18123 18203 18284 18366 18449 18535 18622 18713 18809 18911 19016 19123 19231 19340 19455 19575 19699 19830 19960 20112 20271 20399 20524 20678 20798 20913 21024 21130 21229 21324 21417 ]

9	tan2
[start = 21713]
[end = 29388]
[peaknum = 58]
[23951 24048 24150 24254 24359 24464 24571 24678 24787 24896 25005 25115 25225 25335 25444 25553 25663 25771 25880 25990 26099 26208 26316 26424 26530 26634 26738 26842 26944 27046 27147 27248 27348 27448 27548 27643 27735 27826 27915 28002 28087 28171 28252 28331 28408 28483 28555 28626 28694 28760 28824 28888 28951 29014 29078 29142 29206 29270 ]

10	huo4
[start = 29388]
[end = 33088]
[peaknum = 44]
[30776 30823 30869 30916 30963 31009 31055 31100 31143 31186 31229 31274 31320 31365 31411 31458 31504 31550 31596 31643 31690 31737 31784 31831 31879 31929 31978 32029 32079 32130 32182 32235 32289 32344 32399 32455 32512 32571 32630 32691 32754 32820 32890 32965 ]

11	SIL
[start = 33088]
[end = 33344]

12	zhe3
[start = 33344]
[end = 37232]
[peaknum = 31]
[34111 34189 34267 34346 34427 34509 34592 34678 34764 34853 34944 35039 35138 35241 35345 35452 35560 35670 35782 35896 36012 36132 36253 36374 36493 36606 36715 36822 36929 37034 37136 ]

13	SIL
[start = 37232]
[end = 37370]

14	fan1
[start = 37370]
[end = 42816]
[peaknum = 70]
[39425 39476 39526 39576 39626 39677 39727 39777 39827 39877 39927 39977 40027 40077 40127 40177 40227 40276 40326 40375 40424 40474 40523 40572 40621 40671 40720 40769 40818 40867 40916 40965 41014 41063 41112 41162 41211 41260 41309 41357 41406 41455 41503 41551 41599 41647 41695 41743 41790 41837 41885 41931 41978 42025 42071 42118 42164 42210 42256 42302 42348 42394 42441 42487 42534 42581 42629 42677 42725 42774 ]

15	SIL
[start = 42816]
[end = 43072]

16	gun3
[start = 43072]
[end = 48729]
[peaknum = 41]
[43754 43817 43880 43945 44010 44077 44144 44214 44287 44362 44440 44521 44603 44687 44774 44862 44951 45041 45134 45230 45330 45433 45540 45649 45761 45874 45988 46104 46220 46336 46453 46571 46689 46808 46927 47046 47164 47284 47406 47529 47652 ]

17	SIL
[start = 48729]
[end = 49054]

18	yue4
[start = 49054]
[end = 52864]
[peaknum = 57]
[49168 49230 49293 49362 49434 49503 49569 49633 49695 49757 49818 49877 49936 49995 50052 50109 50166 50222 50278 50333 50388 50443 50498 50553 50608 50663 50718 50773 50829 50885 50942 50999 51057 51116 51175 51235 51296 51357 51419 51482 51546 51611 51678 51746 51817 51890 51964 52041 52119 52200 52282 52366 52452 52541 52631 52719 52803 ]

19	SIL
[start = 52864]
[end = 53296]

20	guo4
[start = 53296]
[end = 56033]
[peaknum = 29]
[53826 53891 53956 54022 54089 54156 54223 54290 54359 54428 54498 54569 54641 54713 54788 54864 54941 55019 55099 55180 55262 55347 55434 55523 55616 55711 55809 55909 56009 ]

21	le5
[start = 56033]
[end = 57984]
[peaknum = 21]
[56110 56214 56318 56420 56519 56619 56718 56815 56912 57007 57099 57188 57275 57360 57445 57529 57613 57696 57779 57860 57940 ]

22	yi1
[start = 57984]
[end = 60432]
[peaknum = 32]
[58020 58098 58175 58250 58323 58395 58466 58537 58607 58677 58746 58815 58883 58951 59019 59088 59157 59227 59297 59368 59440 59514 59588 59664 59742 59820 59900 59981 60063 60146 60235 60330 ]

23	SIL
[start = 60432]
[end = 61328]

24	du3
[start = 61328]
[end = 64864]
[peaknum = 29]
[61634 61725 61817 61910 62007 62106 62208 62315 62424 62535 62649 62765 62883 63003 63125 63248 63372 63498 63623 63729 63873 63998 64124 64247 64366 64481 64592 64700 64804 ]

25	hun4
[start = 64864]
[end = 70182]
[peaknum = 46]
[67714 67759 67803 67848 67893 67939 67985 68031 68077 68123 68169 68215 68262 68308 68355 68402 68449 68496 68544 68592 68640 68689 68738 68787 68837 68888 68939 68992 69045 69100 69156 69212 69269 69328 69387 69448 69510 69573 69637 69702 69769 69837 69907 69978 70051 70126 ]

26	ning2
[start = 70182]
[end = 74968]
[peaknum = 55]
[70202 70280 70360 70441 70523 70607 70693 70780 70868 70958 71050 71143 71238 71335 71435 71536 71641 71747 71855 71965 72076 72187 72299 72409 72519 72628 72734 72839 72941 73040 73136 73229 73319 73406 73490 73572 73651 73729 73804 73878 73949 74019 74088 74155 74221 74286 74350 74413 74475 74537 74599 74662 74727 74796 74872 ]

27	tu3
[start = 74968]
[end = 79152]
[peaknum = 16]
[77016 77106 77198 77293 77393 77495 77599 77706 77817 77934 78055 78174 78303 78433 78569 78706 ]

28	SIL
[start = 79152]
[end = 79328]

29	hu4
[start = 79328]
[end = 83040]
[peaknum = 26]
[81481 81530 81580 81630 81680 81730 81781 81833 81885 81937 81989 82042 82096 82149 82203 82259 82316 82375 82436 82497 82560 82624 82690 82757 82826 82894 ]

30	SIL
[start = 83040]
[end = 83600]

31	tu3
[start = 83600]
[end = 86224]
[peaknum = 8]
[84986 85103 85226 85364 85512 85674 85853 86038 ]

32	SIL
[start = 86224]
[end = 86752]

33	qiang2
[start = 86752]
[end = 94720]
[peaknum = 60]
[88513 88596 88683 88779 88879 88982 89086 89191 89298 89407 89518 89631 89746 89863 89983 90106 90232 90357 90482 90605 90727 90846 90964 91081 91198 91315 91430 91546 91660 91773 91886 92000 92113 92226 92338 92450 92559 92667 92770 92870 92966 93058 93147 93233 93316 93398 93477 93555 93632 93707 93780 93852 93923 93993 94062 94131 94200 94267 94333 94398 ]

34	SIL
[start = 94720]
[end = 96062]

