[SampleRate = 16000]
[ElementNum = 31]
1	SIL
[start = 0]
[end = 1536]

2	bing3
[start = 1536]
[end = 5170]
[peaknum = 42]
[1800 1861 1923 1986 2051 2117 2184 2252 2320 2390 2460 2531 2603 2676 2751 2826 2904 2983 3064 3147 3231 3315 3399 3484 3569 3656 3744 3833 3922 4013 4104 4196 4287 4379 4471 4564 4656 4749 4843 4935 5027 5119 ]

3	xi1
[start = 5170]
[end = 9926]
[peaknum = 48]
[7433 7488 7542 7596 7650 7704 7758 7813 7867 7922 7976 8029 8083 8137 8190 8243 8296 8349 8402 8455 8507 8560 8612 8665 8717 8769 8821 8873 8925 8977 9029 9081 9132 9184 9236 9287 9339 9391 9442 9494 9546 9598 9650 9702 9756 9809 9864 9919 ]

4	ning2
[start = 9926]
[end = 15611]
[peaknum = 86]
[9973 10027 10081 10135 10189 10243 10297 10352 10407 10461 10516 10571 10626 10681 10737 10793 10849 10905 10962 11019 11076 11135 11193 11253 11314 11376 11439 11503 11569 11636 11704 11775 11847 11921 11995 12071 12149 12227 12307 12388 12471 12554 12639 12724 12810 12896 12982 13069 13156 13243 13330 13416 13502 13587 13671 13753 13834 13914 13992 14068 14142 14214 14284 14353 14419 14484 14548 14610 14671 14732 14791 14848 14905 14961 15017 15072 15126 15180 15234 15287 15339 15392 15444 15495 15546 15597 ]

5	wang4
[start = 15611]
[end = 19696]
[peaknum = 74]
[15646 15696 15744 15792 15839 15885 15931 15976 16021 16066 16111 16155 16199 16243 16287 16330 16374 16418 16461 16505 16549 16593 16637 16681 16725 16769 16814 16858 16903 16948 16992 17038 17083 17128 17174 17220 17267 17314 17361 17409 17458 17507 17556 17607 17658 17710 17763 17818 17873 17930 17988 18048 18109 18172 18236 18302 18368 18435 18504 18573 18644 18716 18788 18862 18936 19012 19088 19165 19243 19322 19403 19486 19568 19650 ]

6	zhe5
[start = 19696]
[end = 21435]
[peaknum = 16]
[20053 20133 20215 20299 20385 20472 20560 20651 20742 20834 20926 21019 21113 21206 21299 21394 ]

7	na4
[start = 21435]
[end = 26240]
[peaknum = 54]
[21486 21573 21658 21743 21826 21908 21990 22071 22151 22231 22310 22389 22468 22547 22627 22708 22789 22871 22953 23036 23120 23205 23290 23376 23463 23551 23640 23729 23820 23910 24002 24094 24187 24280 24374 24468 24565 24663 24762 24861 24961 25060 25159 25257 25354 25450 25546 25641 25737 25831 25921 26009 26096 26182 ]

8	SIL
[start = 26240]
[end = 27696]

9	bin1
[start = 27696]
[end = 31357]
[peaknum = 68]
[28037 28094 28150 28204 28257 28309 28360 28412 28463 28514 28564 28615 28665 28715 28765 28815 28864 28914 28963 29012 29060 29109 29157 29206 29254 29303 29351 29400 29448 29496 29545 29593 29641 29688 29736 29784 29831 29879 29926 29974 30021 30068 30116 30163 30210 30257 30304 30351 30398 30445 30492 30540 30587 30634 30681 30729 30777 30825 30873 30922 30971 31020 31070 31120 31171 31223 31276 31330 ]

10	lin2
[start = 31357]
[end = 34923]
[peaknum = 50]
[31385 31442 31500 31558 31617 31677 31737 31799 31861 31925 31990 32057 32126 32197 32271 32346 32424 32503 32584 32667 32751 32836 32923 33011 33099 33187 33274 33361 33445 33528 33609 33687 33763 33838 33911 33982 34051 34120 34187 34254 34319 34384 34448 34512 34575 34639 34703 34768 34835 34907 ]

11	si3
[start = 34923]
[end = 39797]
[peaknum = 19]
[37848 37936 38027 38118 38211 38304 38400 38500 38603 38710 38821 38937 39057 39179 39301 39422 39541 39658 39773 ]

12	wang2
[start = 39797]
[end = 44099]
[peaknum = 40]
[39887 39999 40108 40215 40322 40434 40552 40675 40801 40918 41038 41164 41287 41408 41527 41647 41766 41883 41999 42113 42225 42339 42451 42559 42664 42767 42867 42963 43057 43147 43236 43321 43406 43489 43571 43653 43734 43815 43898 43982 ]

13	de5
[start = 44099]
[end = 46897]
[peaknum = 33]
[44374 44448 44521 44594 44669 44744 44820 44898 44976 45056 45137 45219 45302 45385 45468 45553 45637 45721 45805 45889 45972 46055 46137 46218 46299 46379 46457 46532 46606 46678 46749 46818 46886 ]

14	ni4
[start = 46897]
[end = 50572]
[peaknum = 68]
[46953 47018 47082 47145 47207 47267 47327 47386 47443 47500 47556 47611 47665 47719 47772 47825 47876 47928 47978 48029 48078 48128 48177 48225 48273 48321 48369 48416 48463 48510 48556 48603 48649 48695 48741 48787 48833 48879 48925 48971 49018 49065 49112 49159 49207 49255 49303 49352 49401 49451 49502 49553 49605 49658 49713 49768 49826 49884 49944 50006 50069 50134 50200 50267 50336 50406 50478 50551 ]

15	shui3
[start = 50572]
[end = 54688]
[peaknum = 23]
[52353 52430 52510 52593 52679 52770 52865 52963 53065 53171 53282 53396 53510 53627 53747 53870 53992 54109 54223 54334 54440 54543 54645 ]

16	shao4
[start = 54688]
[end = 58829]
[peaknum = 41]
[56507 56559 56610 56661 56712 56764 56816 56867 56919 56970 57021 57072 57124 57175 57226 57278 57330 57382 57435 57488 57541 57595 57650 57705 57761 57817 57874 57932 57991 58051 58111 58173 58235 58299 58365 58432 58502 58573 58646 58721 58797 ]

17	nv3
[start = 58829]
[end = 63411]
[peaknum = 33]
[58876 58957 59041 59124 59208 59294 59380 59467 59555 59643 59732 59822 59912 60002 60093 60186 60280 60375 60472 60570 60670 60772 60875 60979 61084 61190 61298 61408 61520 61633 61748 61867 61991 ]

18	SIL
[start = 63411]
[end = 69301]

19	zai4
[start = 69301]
[end = 75180]
[peaknum = 60]
[70470 70534 70599 70664 70730 70797 70865 70935 71006 71078 71152 71226 71300 71376 71452 71528 71606 71684 71763 71843 71923 72004 72085 72166 72248 72331 72414 72498 72582 72667 72752 72838 72924 73011 73097 73184 73270 73356 73443 73529 73615 73701 73787 73872 73958 74043 74129 74216 74304 74392 74478 74560 74641 74720 74797 74872 74945 75016 75086 75155 ]

20	lang4
[start = 75180]
[end = 78596]
[peaknum = 52]
[75222 75287 75351 75415 75477 75538 75597 75655 75711 75766 75820 75875 75929 75983 76038 76092 76146 76200 76255 76309 76364 76418 76473 76529 76584 76641 76697 76755 76813 76872 76933 76994 77055 77118 77182 77247 77312 77379 77447 77516 77586 77657 77730 77802 77875 77948 78021 78094 78168 78243 78320 78397 ]

21	tao1
[start = 78596]
[end = 82224]
[peaknum = 35]
[80209 80261 80313 80366 80420 80475 80529 80584 80638 80693 80747 80802 80856 80911 80966 81021 81076 81131 81186 81241 81296 81351 81406 81461 81517 81572 81627 81683 81738 81794 81850 81906 81964 82024 82084 ]

22	SIL
[start = 82224]
[end = 82688]

23	zhong1
[start = 82688]
[end = 87808]
[peaknum = 89]
[83081 83133 83184 83235 83287 83339 83392 83445 83498 83551 83604 83657 83711 83764 83818 83871 83925 83978 84032 84085 84139 84193 84247 84300 84354 84408 84462 84516 84570 84624 84678 84732 84786 84840 84894 84948 85002 85056 85110 85164 85218 85272 85327 85381 85435 85489 85544 85599 85653 85708 85763 85818 85873 85927 85982 86036 86090 86144 86198 86252 86306 86360 86414 86468 86522 86575 86629 86683 86736 86790 86844 86897 86951 87004 87058 87111 87164 87217 87269 87320 87372 87423 87474 87525 87576 87627 87678 87729 87780 ]

24	SIL
[start = 87808]
[end = 89248]

25	ku2
[start = 89248]
[end = 94234]
[peaknum = 46]
[91104 91178 91252 91325 91398 91472 91546 91620 91693 91767 91841 91914 91987 92059 92131 92202 92273 92342 92410 92477 92543 92608 92671 92734 92795 92856 92915 92974 93032 93088 93144 93199 93254 93307 93360 93412 93463 93514 93563 93613 93661 93710 93758 93806 93854 93901 ]

26	SIL
[start = 94234]
[end = 94817]

27	ku3
[start = 94817]
[end = 98032]
[peaknum = 7]
[96756 96866 96968 97069 97195 97319 97460 ]

28	SIL
[start = 98032]
[end = 98768]

29	zheng1
[start = 98768]
[end = 102383]
[peaknum = 44]
[99544 99611 99676 99742 99808 99874 99939 100005 100070 100135 100199 100263 100327 100390 100453 100516 100579 100642 100705 100767 100829 100891 100953 101015 101077 101138 101199 101260 101320 101381 101441 101501 101560 101619 101679 101738 101797 101856 101916 101975 102035 102096 102158 102221 ]

30	zha2
[start = 102383]
[end = 107052]
[peaknum = 25]
[103100 103173 103248 103325 103404 103487 103575 103668 103766 103870 103983 104099 104223 104330 104450 104593 104703 104821 104948 105076 105199 105319 105445 105573 105698 ]

31	SIL
[start = 107052]
[end = 108998]

