[SampleRate = 16000]
[ElementNum = 28]
1	SIL
[start = 0]
[end = 1792]

2	sang1
[start = 1792]
[end = 5269]
[peaknum = 51]
[2914 2958 3003 3048 3094 3141 3188 3235 3283 3331 3378 3426 3474 3521 3569 3616 3663 3710 3757 3804 3850 3897 3943 3989 4035 4081 4127 4173 4219 4264 4311 4357 4403 4450 4496 4543 4589 4634 4680 4725 4770 4815 4860 4905 4950 4996 5042 5088 5135 5182 5230 ]

3	pa4
[start = 5269]
[end = 8971]
[peaknum = 34]
[6600 6652 6704 6757 6811 6866 6923 6982 7043 7106 7171 7239 7309 7382 7456 7533 7611 7690 7770 7851 7933 8014 8095 8174 8253 8331 8408 8484 8560 8637 8714 8790 8865 8939 ]

4	yue1
[start = 8971]
[end = 13040]
[peaknum = 72]
[9013 9086 9158 9229 9297 9362 9424 9486 9547 9608 9669 9728 9788 9846 9904 9961 10018 10075 10131 10187 10243 10298 10354 10409 10464 10519 10574 10629 10684 10738 10793 10847 10901 10956 11010 11064 11118 11173 11227 11281 11335 11390 11444 11498 11552 11606 11659 11713 11766 11820 11873 11926 11979 12032 12085 12137 12190 12243 12295 12348 12400 12452 12504 12556 12608 12660 12712 12766 12819 12873 12928 12984 ]

5	shou3
[start = 13040]
[end = 16866]
[peaknum = 17]
[14962 15043 15128 15218 15316 15422 15536 15656 15782 15921 16036 16163 16290 16415 16537 16656 16771 ]

6	xian1
[start = 16866]
[end = 21760]
[peaknum = 39]
[18897 18966 19035 19108 19183 19258 19332 19408 19484 19561 19638 19715 19793 19870 19947 20025 20102 20180 20257 20335 20413 20490 20566 20640 20714 20788 20862 20935 21007 21080 21152 21225 21298 21372 21447 21526 21607 21684 21757 ]

7	dui4
[start = 21760]
[end = 25507]
[peaknum = 42]
[21964 22029 22093 22159 22225 22292 22360 22428 22498 22570 22644 22719 22797 22876 22956 23038 23121 23205 23291 23377 23465 23554 23643 23734 23825 23918 24012 24106 24201 24296 24392 24488 24584 24680 24775 24869 24962 25053 25141 25226 25309 25391 ]

8	han2
[start = 25507]
[end = 30304]
[peaknum = 36]
[27378 27454 27533 27617 27705 27794 27884 27976 28068 28160 28253 28346 28439 28532 28625 28717 28810 28902 28994 29084 29173 29259 29344 29427 29509 29588 29665 29740 29813 29883 29952 30020 30088 30156 30226 30301 ]

9	SIL
[start = 30304]
[end = 30680]

10	zhu4
[start = 30680]
[end = 33600]
[peaknum = 37]
[31411 31460 31510 31560 31611 31662 31713 31765 31817 31870 31923 31976 32030 32084 32139 32195 32252 32309 32367 32425 32485 32545 32606 32668 32731 32794 32859 32925 32993 33061 33131 33202 33275 33346 33415 33486 33558 ]

11	SIL
[start = 33600]
[end = 34224]

12	bin1
[start = 34224]
[end = 37805]
[peaknum = 62]
[34602 34656 34709 34764 34819 34874 34930 34985 35041 35095 35150 35204 35258 35311 35364 35417 35469 35522 35575 35627 35680 35732 35784 35837 35889 35941 35994 36046 36098 36150 36202 36255 36307 36359 36411 36463 36515 36567 36619 36671 36723 36775 36826 36878 36929 36980 37032 37083 37134 37185 37235 37286 37336 37385 37435 37485 37535 37585 37636 37687 37739 37792 ]

13	shuai4
[start = 37805]
[end = 42153]
[peaknum = 49]
[39419 39462 39506 39551 39595 39640 39686 39731 39777 39822 39868 39913 39958 40003 40049 40095 40141 40188 40235 40283 40330 40378 40427 40476 40526 40576 40627 40679 40732 40785 40840 40895 40952 41009 41067 41127 41188 41250 41314 41379 41447 41517 41591 41667 41746 41828 41914 42006 42101 ]

14	SIL
[start = 42153]
[end = 42533]

15	tuan2
[start = 42533]
[end = 47907]
[peaknum = 32]
[44540 44637 44735 44834 44934 45035 45136 45239 45341 45444 45548 45652 45758 45864 45971 46079 46187 46294 46402 46506 46607 46706 46801 46893 46979 47062 47141 47218 47294 47368 47443 47517 ]

16	dao4
[start = 47907]
[end = 51136]
[peaknum = 36]
[48202 48266 48330 48395 48461 48527 48595 48665 48736 48808 48882 48957 49033 49110 49189 49270 49351 49433 49516 49600 49684 49770 49856 49943 50031 50119 50209 50299 50390 50482 50574 50666 50759 50852 50946 51040 ]

17	SIL
[start = 51136]
[end = 52177]

18	pu2
[start = 52177]
[end = 54050]
[peaknum = 14]
[52996 53073 53151 53228 53305 53381 53457 53531 53604 53678 53754 53835 53918 53996 ]

19	tao2
[start = 54050]
[end = 57217]
[peaknum = 42]
[54770 54827 54882 54937 54991 55045 55099 55152 55204 55256 55308 55359 55410 55461 55511 55562 55612 55664 55716 55768 55822 55876 55931 55987 56044 56103 56162 56222 56283 56344 56407 56471 56536 56602 56670 56738 56807 56878 56951 57025 57102 57180 ]

20	ya2
[start = 57217]
[end = 60064]
[peaknum = 35]
[57260 57340 57420 57502 57584 57669 57757 57848 57941 58039 58139 58242 58347 58451 58555 58656 58754 58848 58937 59022 59101 59176 59248 59317 59385 59451 59515 59579 59643 59707 59771 59837 59904 59974 60054 ]

21	fang3
[start = 60064]
[end = 64242]
[peaknum = 17]
[61771 61873 61974 62080 62187 62295 62404 62515 62630 62750 62873 62996 63121 63248 63371 63497 63655 ]

22	wen4
[start = 64242]
[end = 69472]
[peaknum = 55]
[64765 64862 64948 65029 65107 65182 65256 65328 65398 65466 65532 65596 65658 65718 65777 65835 65892 65948 66004 66060 66116 66172 66227 66283 66338 66394 66449 66505 66560 66616 66672 66728 66784 66842 66900 66958 67018 67078 67139 67202 67266 67332 67399 67468 67539 67612 67687 67768 67851 67935 68022 68114 68211 68317 68433 ]

23	SIL
[start = 69472]
[end = 71616]

24	biao3
[start = 71616]
[end = 74000]
[peaknum = 14]
[71741 71815 71893 71976 72062 72148 72236 72325 72418 72515 72617 72724 72838 72959 ]

25	shi4
[start = 74000]
[end = 77179]
[peaknum = 9]
[76067 76163 76261 76361 76465 76574 76687 76803 76918 ]

26	huan1
[start = 77179]
[end = 80915]
[peaknum = 39]
[78596 78657 78718 78781 78845 78908 78972 79035 79097 79160 79222 79285 79348 79410 79472 79535 79597 79659 79720 79782 79843 79903 79963 80023 80083 80143 80203 80262 80321 80380 80440 80498 80557 80616 80674 80732 80790 80848 80906 ]

27	ying2
[start = 80915]
[end = 86304]
[peaknum = 34]
[80963 81021 81078 81136 81194 81253 81311 81370 81430 81491 81552 81615 81678 81744 81811 81879 81950 82021 82095 82172 82251 82335 82423 82517 82618 82727 82842 82964 83095 83220 83356 83487 83638 83764 ]

28	SIL
[start = 86304]
[end = 88032]

