[SampleRate = 16000]
[ElementNum = 30]
1	SIL
[start = 0]
[end = 3552]

2	wai4
[start = 3552]
[end = 7078]
[peaknum = 66]
[3695 3741 3786 3832 3879 3926 3972 4018 4063 4107 4151 4194 4237 4279 4322 4364 4406 4448 4491 4533 4576 4619 4661 4704 4747 4789 4832 4875 4918 4962 5005 5049 5093 5137 5181 5226 5271 5317 5362 5409 5455 5502 5550 5599 5648 5697 5748 5799 5852 5905 5959 6014 6071 6128 6187 6247 6309 6372 6438 6506 6578 6654 6730 6808 6885 6963 ]

3	SIL
[start = 7078]
[end = 7328]

4	po2
[start = 7328]
[end = 12789]
[peaknum = 38]
[9314 9405 9497 9590 9684 9778 9873 9968 10063 10158 10254 10351 10448 10545 10643 10742 10840 10938 11036 11132 11227 11321 11411 11500 11586 11670 11751 11831 11908 11984 12058 12130 12201 12271 12341 12412 12483 12553 ]

5	yong4
[start = 12789]
[end = 17117]
[peaknum = 53]
[13299 13354 13410 13467 13524 13581 13639 13697 13755 13813 13872 13931 13991 14052 14113 14175 14238 14301 14366 14431 14497 14565 14633 14702 14773 14845 14918 14992 15068 15145 15222 15301 15381 15462 15544 15626 15710 15794 15879 15964 16049 16135 16221 16307 16391 16475 16558 16641 16723 16804 16884 16964 17043 ]

6	chang2
[start = 17117]
[end = 21988]
[peaknum = 35]
[19383 19465 19552 19644 19736 19827 19919 20010 20099 20188 20277 20364 20450 20534 20617 20698 20777 20854 20928 21000 21069 21136 21201 21264 21325 21385 21443 21500 21555 21610 21663 21717 21771 21825 21880 ]

7	chang2
[start = 21988]
[end = 25671]
[peaknum = 25]
[23716 23781 23850 23924 24002 24083 24166 24252 24339 24426 24511 24596 24678 24758 24835 24910 24984 25057 25128 25198 25268 25337 25406 25476 25546 ]

8	de5
[start = 25671]
[end = 27280]
[peaknum = 16]
[26062 26122 26181 26241 26301 26361 26422 26482 26544 26606 26668 26731 26795 26860 26925 26992 ]

9	SIL
[start = 27280]
[end = 28160]

10	zhi3
[start = 28160]
[end = 31872]
[peaknum = 22]
[29287 29371 29458 29549 29643 29738 29836 29937 30041 30151 30264 30379 30496 30613 30732 30852 30974 31100 31227 31353 31476 31601 ]

11	SIL
[start = 31872]
[end = 32688]

12	jia5
[start = 32688]
[end = 37499]
[peaknum = 52]
[33490 33566 33642 33718 33794 33870 33945 34019 34094 34168 34242 34316 34390 34465 34540 34616 34691 34767 34842 34918 34993 35068 35143 35217 35291 35364 35437 35510 35582 35655 35728 35802 35875 35949 36022 36095 36168 36241 36314 36387 36459 36532 36604 36676 36748 36820 36892 36963 37034 37104 37174 37243 ]

13	SIL
[start = 37499]
[end = 42272]

14	gua1
[start = 42272]
[end = 45192]
[peaknum = 44]
[42589 42640 42692 42745 42800 42856 42912 42969 43026 43084 43141 43199 43257 43315 43373 43431 43489 43547 43604 43662 43719 43776 43833 43890 43947 44004 44061 44118 44175 44232 44289 44346 44403 44460 44517 44574 44631 44688 44747 44807 44870 44935 45001 45068 ]

15	zhe5
[start = 45192]
[end = 47520]
[peaknum = 24]
[45772 45833 45895 45957 46020 46084 46150 46217 46286 46357 46429 46503 46577 46652 46728 46805 46882 46960 47041 47124 47208 47292 47374 47455 ]

16	SIL
[start = 47520]
[end = 47856]

17	jiu4
[start = 47856]
[end = 51333]
[peaknum = 35]
[48633 48694 48754 48814 48874 48934 48995 49056 49117 49179 49241 49304 49368 49432 49498 49564 49631 49700 49770 49842 49915 49989 50066 50144 50223 50305 50388 50472 50559 50647 50737 50828 50921 51016 51112 ]

18	SIL
[start = 51333]
[end = 51808]

19	jiu5
[start = 51808]
[end = 55888]
[peaknum = 28]
[52835 52921 53008 53096 53187 53280 53375 53471 53570 53673 53778 53887 53997 54108 54221 54333 54445 54557 54669 54780 54891 55002 55114 55224 55334 55443 55551 55658 ]

20	SIL
[start = 55888]
[end = 56640]

21	zhai2
[start = 56640]
[end = 60498]
[peaknum = 41]
[57281 57359 57439 57520 57605 57692 57782 57874 57969 58068 58168 58269 58370 58471 58570 58668 58766 58862 58957 59049 59137 59220 59299 59374 59447 59517 59585 59650 59714 59776 59837 59897 59955 60013 60071 60128 60185 60242 60298 60354 60410 ]

22	zhai3
[start = 60498]
[end = 64448]
[peaknum = 20]
[61608 61667 61726 61788 61851 61916 61984 62055 62130 62209 62292 62380 62473 62573 62681 62793 62907 63024 63142 63265 ]

23	SIL
[start = 64448]
[end = 65232]

24	de5
[start = 65232]
[end = 68512]
[peaknum = 29]
[65661 65758 65858 65958 66059 66160 66261 66362 66462 66561 66660 66757 66854 66951 67047 67143 67239 67335 67430 67526 67620 67715 67810 67904 67998 68093 68187 68279 68372 ]

25	SIL
[start = 68512]
[end = 69504]

26	ji2
[start = 69504]
[end = 72472]
[peaknum = 15]
[70557 70639 70723 70806 70891 70977 71065 71156 71249 71345 71444 71550 71662 71780 71903 ]

27	liang5
[start = 72472]
[end = 76160]
[peaknum = 18]
[74375 74474 74599 74723 74844 74963 75076 75183 75286 75385 75481 75574 75665 75752 75838 75921 76003 76082 ]

28	SIL
[start = 76160]
[end = 76560]

29	gou1
[start = 76560]
[end = 80656]
[peaknum = 61]
[77000 77064 77128 77191 77253 77316 77378 77439 77501 77562 77622 77682 77742 77802 77861 77921 77981 78041 78100 78160 78220 78280 78340 78399 78459 78519 78579 78639 78699 78759 78819 78879 78939 78999 79059 79119 79178 79238 79297 79356 79416 79475 79534 79593 79652 79710 79769 79828 79887 79946 80005 80064 80122 80181 80240 80299 80357 80415 80473 80529 80585 ]

30	SIL
[start = 80656]
[end = 84120]

