[SampleRate = 16000]
[ElementNum = 31]
1	SIL
[start = 0]
[end = 2240]

2	wa2
[start = 2240]
[end = 5360]
[peaknum = 36]
[2391 2463 2536 2611 2686 2761 2835 2909 2983 3057 3132 3208 3284 3362 3441 3520 3600 3682 3763 3845 3929 4013 4099 4185 4273 4361 4450 4539 4628 4718 4810 4902 4997 5092 5189 5288 ]

3	nu3
[start = 5360]
[end = 9399]
[peaknum = 45]
[5387 5484 5579 5673 5766 5860 5952 6045 6137 6229 6320 6411 6501 6588 6675 6763 6853 6943 7033 7122 7211 7299 7386 7472 7558 7642 7726 7808 7889 7969 8047 8125 8202 8278 8353 8426 8498 8569 8640 8710 8782 8857 8933 9008 9083 ]

4	a1
[start = 9399]
[end = 12832]
[peaknum = 45]
[9890 9951 10011 10068 10122 10174 10226 10277 10327 10377 10427 10476 10526 10575 10624 10673 10722 10771 10819 10868 10916 10964 11013 11061 11109 11157 11205 11254 11302 11350 11398 11445 11493 11541 11589 11637 11684 11731 11779 11826 11873 11920 11967 12014 12062 ]

5	tu2
[start = 12832]
[end = 17280]
[peaknum = 32]
[14759 14839 14919 15001 15083 15165 15248 15331 15414 15497 15580 15663 15745 15827 15909 15991 16072 16152 16232 16312 16390 16469 16546 16622 16697 16770 16840 16910 16980 17051 17122 17194 ]

6	SIL
[start = 17280]
[end = 18048]

7	gong4
[start = 18048]
[end = 21597]
[peaknum = 55]
[18451 18496 18541 18587 18632 18678 18724 18770 18816 18862 18907 18953 18998 19044 19090 19136 19181 19227 19273 19319 19366 19413 19460 19508 19556 19604 19654 19704 19755 19807 19859 19913 19968 20024 20082 20140 20200 20262 20325 20389 20455 20522 20590 20659 20730 20802 20874 20948 21023 21100 21180 21262 21348 21444 21556 ]

8	he2
[start = 21597]
[end = 24496]
[peaknum = 21]
[22722 22804 22888 22973 23058 23142 23225 23308 23390 23471 23550 23629 23707 23782 23856 23927 23997 24065 24133 24202 24271 ]

9	SIL
[start = 24496]
[end = 24960]

10	guo2
[start = 24960]
[end = 28000]
[peaknum = 32]
[25309 25388 25465 25540 25617 25698 25781 25865 25951 26039 26127 26217 26310 26403 26498 26592 26686 26780 26873 26964 27054 27142 27229 27313 27397 27478 27557 27634 27708 27782 27860 27941 ]

11	SIL
[start = 28000]
[end = 28301]

12	zong2
[start = 28301]
[end = 32466]
[peaknum = 46]
[29133 29202 29273 29347 29424 29503 29584 29667 29752 29838 29924 30011 30097 30183 30269 30356 30442 30527 30611 30693 30773 30851 30927 31002 31075 31146 31216 31284 31351 31418 31483 31547 31611 31674 31737 31799 31862 31924 31986 32048 32110 32172 32235 32298 32362 32427 ]

13	li2
[start = 32466]
[end = 37371]
[peaknum = 54]
[32492 32557 32622 32687 32752 32818 32885 32954 33023 33094 33166 33240 33316 33393 33472 33553 33635 33720 33806 33895 33985 34078 34172 34268 34366 34466 34567 34670 34775 34882 34990 35100 35211 35323 35433 35543 35651 35758 35863 35966 36067 36166 36261 36354 36443 36532 36619 36706 36793 36879 36968 37057 37140 37220 ]

14	SIL
[start = 37371]
[end = 38448]

15	wa2
[start = 38448]
[end = 43008]
[peaknum = 40]
[39231 39313 39396 39480 39563 39646 39725 39803 39880 39956 40032 40109 40187 40266 40346 40428 40511 40596 40682 40769 40857 40948 41040 41138 41244 41353 41467 41584 41702 41820 41938 42056 42176 42295 42413 42531 42649 42767 42885 43005 ]

16	nu3
[start = 43008]
[end = 47001]
[peaknum = 35]
[43120 43232 43342 43450 43557 43663 43766 43867 43967 44067 44165 44264 44361 44457 44556 44656 44756 44856 44955 45055 45154 45251 45348 45445 45541 45638 45735 45832 45927 46022 46114 46204 46294 46386 46481 ]

17	SIL
[start = 47001]
[end = 47793]

18	a1
[start = 47793]
[end = 50525]
[peaknum = 48]
[47986 48043 48099 48155 48210 48265 48318 48370 48422 48473 48525 48576 48627 48678 48729 48780 48831 48881 48931 48981 49031 49081 49131 49180 49229 49279 49328 49377 49426 49475 49524 49572 49621 49669 49718 49766 49815 49863 49911 49959 50007 50055 50103 50151 50199 50248 50297 50346 ]

19	SIL
[start = 50525]
[end = 50972]

20	ku4
[start = 50972]
[end = 53968]
[peaknum = 27]
[52464 52511 52558 52605 52651 52697 52743 52790 52839 52888 52938 52987 53038 53089 53142 53196 53251 53306 53362 53418 53476 53534 53594 53654 53717 53784 53854 ]

21	SIL
[start = 53968]
[end = 54448]

22	dang2
[start = 54448]
[end = 58224]
[peaknum = 37]
[54744 54822 54901 54981 55063 55147 55236 55330 55429 55531 55635 55741 55847 55951 56055 56157 56257 56355 56451 56544 56634 56722 56806 56889 56970 57049 57127 57203 57278 57351 57423 57494 57564 57634 57704 57774 57845 ]

23	SIL
[start = 58224]
[end = 58468]

24	zhu3
[start = 58468]
[end = 61232]
[peaknum = 20]
[59181 59260 59340 59421 59506 59595 59689 59788 59891 60000 60113 60230 60352 60477 60603 60730 60853 60972 61088 61200 ]

25	xi2
[start = 61232]
[end = 67517]
[peaknum = 36]
[64159 64259 64355 64449 64543 64637 64731 64826 64920 65014 65108 65201 65295 65388 65481 65573 65665 65756 65846 65936 66024 66111 66197 66283 66368 66452 66535 66616 66696 66776 66858 66944 67033 67124 67215 67304 ]

26	SIL
[start = 67517]
[end = 68655]

27	na4
[start = 68655]
[end = 72413]
[peaknum = 61]
[68780 68833 68887 68940 68993 69046 69098 69150 69201 69251 69301 69351 69401 69450 69499 69547 69594 69641 69687 69733 69778 69824 69870 69916 69961 70007 70053 70099 70145 70192 70238 70285 70332 70379 70426 70474 70522 70571 70621 70671 70722 70774 70826 70880 70935 70991 71049 71108 71169 71232 71298 71366 71436 71509 71586 71665 71747 71831 71919 72007 72095 ]

28	ta3
[start = 72413]
[end = 75152]
[peaknum = 7]
[74326 74435 74550 74669 74782 74900 74999 ]

29	SIL
[start = 75152]
[end = 76080]

30	pei4
[start = 76080]
[end = 80320]
[peaknum = 22]
[77478 77550 77620 77687 77756 77826 77897 77970 78045 78121 78199 78282 78368 78455 78546 78641 78739 78839 78942 79047 79154 79260 ]

31	SIL
[start = 80320]
[end = 82816]

