[SampleRate = 16000]
[ElementNum = 37]
1	SIL
[start = 0]
[end = 944]

2	jin1
[start = 944]
[end = 3405]
[peaknum = 39]
[1664 1707 1750 1794 1838 1882 1927 1971 2015 2059 2104 2148 2191 2235 2279 2323 2367 2411 2455 2499 2543 2587 2631 2676 2721 2765 2811 2856 2902 2948 2994 3041 3087 3134 3182 3229 3277 3325 3374 ]

3	nian2
[start = 3405]
[end = 8128]
[peaknum = 61]
[3422 3472 3522 3572 3623 3675 3727 3780 3834 3889 3945 4002 4059 4118 4178 4238 4300 4364 4428 4493 4560 4629 4700 4773 4848 4926 5006 5088 5173 5259 5347 5436 5526 5618 5710 5805 5900 5997 6095 6195 6296 6397 6499 6601 6702 6803 6904 7005 7101 7193 7282 7368 7452 7534 7615 7694 7773 7851 7929 8007 8086 ]

4	SIL
[start = 8128]
[end = 8528]

5	bei4
[start = 8528]
[end = 12400]
[peaknum = 38]
[8856 8930 9005 9083 9163 9243 9326 9410 9495 9582 9670 9759 9849 9940 10033 10127 10222 10318 10417 10516 10617 10718 10819 10920 11020 11121 11222 11322 11423 11524 11624 11725 11826 11927 12031 12137 12239 12335 ]

6	SIL
[start = 12400]
[end = 13280]

7	guo2
[start = 13280]
[end = 15866]
[peaknum = 25]
[13801 13889 13977 14068 14159 14249 14340 14431 14521 14611 14700 14790 14878 14966 15054 15140 15225 15309 15391 15470 15548 15625 15702 15780 15859 ]

8	jia1
[start = 15866]
[end = 20428]
[peaknum = 64]
[16881 16936 16991 17047 17103 17159 17215 17271 17327 17383 17439 17496 17552 17609 17666 17722 17779 17836 17892 17949 18006 18062 18119 18175 18232 18289 18345 18402 18458 18515 18571 18627 18684 18740 18796 18853 18909 18965 19021 19077 19133 19189 19245 19301 19357 19412 19467 19523 19578 19632 19687 19742 19796 19851 19905 19960 20015 20071 20126 20182 20238 20294 20351 20408 ]

9	yan1
[start = 20428]
[end = 23711]
[peaknum = 66]
[20464 20522 20580 20638 20696 20753 20809 20864 20917 20969 21021 21072 21123 21174 21226 21276 21327 21377 21427 21477 21526 21575 21624 21673 21721 21770 21818 21867 21916 21964 22013 22061 22110 22159 22207 22256 22304 22353 22401 22450 22498 22547 22595 22643 22692 22740 22789 22838 22886 22935 22983 23032 23080 23128 23175 23222 23270 23317 23364 23412 23460 23508 23556 23605 23654 23703 ]

10	cao3
[start = 23711]
[end = 28464]
[peaknum = 12]
[26348 26435 26525 26618 26714 26816 26922 27029 27140 27254 27372 27495 ]

11	SIL
[start = 28464]
[end = 29248]

12	zhuan1
[start = 29248]
[end = 32022]
[peaknum = 34]
[30111 30172 30233 30294 30355 30417 30478 30538 30599 30658 30718 30777 30835 30894 30951 31009 31067 31124 31181 31238 31294 31351 31408 31466 31523 31580 31636 31692 31748 31803 31857 31912 31965 32019 ]

13	mai4
[start = 32022]
[end = 35792]
[peaknum = 51]
[32072 32125 32178 32231 32283 32335 32387 32439 32491 32543 32595 32647 32699 32751 32803 32854 32904 32955 33006 33058 33111 33165 33220 33275 33332 33389 33447 33506 33565 33626 33688 33751 33815 33882 33950 34021 34094 34172 34254 34339 34429 34522 34620 34722 34827 34933 35041 35149 35258 35371 35493 ]

14	SIL
[start = 35792]
[end = 36320]

15	ju2
[start = 36320]
[end = 41641]
[peaknum = 38]
[37807 37915 38025 38136 38246 38357 38468 38580 38692 38806 38919 39033 39147 39261 39374 39486 39597 39707 39816 39922 40028 40131 40233 40331 40426 40518 40606 40691 40773 40853 40931 41009 41087 41164 41240 41314 41387 41459 ]

16	SIL
[start = 41641]
[end = 45712]

17	ping2
[start = 45712]
[end = 48632]
[peaknum = 22]
[46962 47040 47119 47201 47283 47366 47449 47533 47616 47699 47781 47863 47944 48024 48102 48180 48255 48330 48404 48477 48550 48623 ]

18	wei2
[start = 48632]
[end = 52656]
[peaknum = 46]
[48696 48769 48842 48916 48989 49063 49137 49213 49290 49370 49452 49535 49620 49707 49795 49885 49976 50068 50161 50255 50350 50446 50542 50640 50738 50837 50936 51035 51134 51232 51329 51426 51523 51618 51712 51805 51897 51986 52071 52153 52234 52314 52396 52480 52563 52644 ]

19	SIL
[start = 52656]
[end = 53232]

20	quan2
[start = 53232]
[end = 58291]
[peaknum = 41]
[55070 55145 55221 55300 55382 55469 55559 55650 55743 55837 55932 56028 56124 56220 56315 56408 56499 56589 56676 56761 56843 56922 56999 57074 57147 57219 57289 57358 57426 57493 57559 57625 57690 57754 57819 57883 57947 58012 58078 58145 58213 ]

21	SIL
[start = 58291]
[end = 58478]

22	guo2
[start = 58478]
[end = 62306]
[peaknum = 47]
[58922 58982 59044 59109 59177 59246 59315 59386 59457 59531 59606 59682 59760 59839 59919 59999 60080 60161 60242 60324 60405 60487 60569 60650 60731 60812 60892 60971 61050 61128 61205 61282 61355 61425 61495 61564 61632 61701 61768 61835 61902 61968 62032 62096 62160 62225 62289 ]

23	yan1
[start = 62306]
[end = 65722]
[peaknum = 66]
[62353 62417 62479 62540 62599 62658 62714 62769 62822 62874 62926 62977 63029 63080 63131 63182 63232 63282 63332 63381 63431 63480 63529 63578 63626 63675 63724 63772 63821 63869 63918 63966 64015 64064 64112 64161 64210 64259 64307 64356 64405 64454 64502 64551 64600 64649 64698 64747 64795 64844 64892 64939 64987 65034 65082 65129 65177 65224 65272 65320 65368 65416 65464 65513 65562 65611 ]

24	cao3
[start = 65722]
[end = 69777]
[peaknum = 9]
[67937 68027 68127 68234 68346 68459 68573 68690 68807 ]

25	hang2
[start = 69777]
[end = 74447]
[peaknum = 30]
[71635 71737 71842 71949 72059 72169 72281 72391 72500 72608 72714 72819 72921 73022 73122 73219 73315 73410 73502 73591 73678 73763 73845 73925 74004 74081 74157 74232 74308 74382 ]

26	ye4
[start = 74447]
[end = 78176]
[peaknum = 38]
[74455 74526 74595 74664 74731 74797 74862 74926 74990 75053 75117 75180 75244 75308 75373 75438 75505 75572 75641 75711 75782 75855 75930 76007 76088 76171 76256 76343 76433 76525 76619 76721 76833 76951 77068 77184 77300 77421 ]

27	SIL
[start = 78176]
[end = 79712]

28	juan3
[start = 79712]
[end = 83105]
[peaknum = 21]
[81009 81093 81177 81262 81347 81432 81519 81608 81699 81792 81887 81985 82087 82190 82297 82407 82522 82642 82766 82892 83019 ]

29	yan1
[start = 83105]
[end = 88720]
[peaknum = 76]
[83145 83270 83395 83518 83639 83759 83878 83997 84113 84226 84337 84446 84551 84652 84750 84844 84934 85020 85104 85185 85264 85341 85416 85489 85560 85629 85697 85763 85829 85893 85957 86020 86083 86145 86207 86269 86331 86392 86453 86514 86575 86636 86697 86757 86818 86878 86938 86998 87058 87117 87177 87236 87295 87354 87414 87473 87532 87591 87649 87707 87765 87822 87879 87936 87993 88049 88105 88161 88217 88272 88327 88383 88440 88498 88557 88618 ]

30	SIL
[start = 88720]
[end = 89408]

31	da2
[start = 89408]
[end = 92684]
[peaknum = 25]
[90305 90411 90519 90626 90733 90840 90943 91044 91142 91237 91327 91411 91490 91565 91637 91706 91774 91840 91906 91971 92035 92099 92164 92232 92303 ]

32	jia3
[start = 92684]
[end = 95776]
[peaknum = 9]
[93692 93765 93841 93922 94007 94099 94201 94311 94425 ]

33	SIL
[start = 95776]
[end = 96592]

34	biao1
[start = 96592]
[end = 99552]
[peaknum = 34]
[96987 97060 97131 97202 97273 97341 97408 97475 97544 97614 97685 97757 97829 97901 97973 98045 98117 98190 98263 98336 98409 98481 98553 98625 98696 98766 98836 98904 98973 99041 99108 99176 99246 99318 ]

35	SIL
[start = 99552]
[end = 100080]

36	bing1
[start = 100080]
[end = 104512]
[peaknum = 62]
[100351 100409 100466 100524 100584 100644 100705 100766 100827 100888 100950 101011 101073 101135 101197 101260 101322 101383 101444 101505 101566 101626 101687 101747 101808 101868 101928 101988 102047 102107 102166 102225 102284 102343 102402 102460 102519 102577 102635 102694 102752 102810 102868 102926 102985 103043 103101 103159 103217 103275 103333 103391 103448 103505 103562 103620 103678 103737 103795 103853 103911 103969 ]

37	SIL
[start = 104512]
[end = 106291]

