[SampleRate = 16000]
[ElementNum = 29]
1	SIL
[start = 0]
[end = 1312]

2	zhong1
[start = 1312]
[end = 4681]
[peaknum = 67]
[1799 1844 1890 1935 1980 2025 2070 2113 2156 2199 2242 2285 2329 2372 2416 2460 2503 2547 2590 2634 2677 2720 2763 2806 2849 2892 2934 2976 3019 3061 3103 3145 3187 3229 3270 3312 3354 3395 3437 3479 3521 3564 3606 3648 3690 3733 3775 3817 3860 3902 3945 3987 4030 4074 4117 4161 4204 4248 4292 4336 4382 4427 4474 4523 4573 4623 4672 ]

3	guo2
[start = 4681]
[end = 7104]
[peaknum = 46]
[4719 4765 4810 4855 4898 4941 4985 5031 5078 5126 5175 5226 5277 5329 5382 5436 5490 5544 5599 5654 5709 5764 5819 5875 5930 5985 6039 6093 6146 6200 6253 6305 6358 6410 6463 6516 6569 6622 6676 6730 6785 6841 6897 6953 7008 7063 ]

4	nv3
[start = 7104]
[end = 11225]
[peaknum = 44]
[7119 7175 7231 7287 7343 7400 7458 7516 7574 7633 7693 7753 7815 7877 7941 8005 8071 8138 8205 8275 8345 8418 8492 8568 8646 8726 8809 8894 8983 9073 9167 9263 9363 9465 9569 9676 9784 9892 10002 10111 10221 10329 10439 10551 ]

5	jiang4
[start = 11225]
[end = 17100]
[peaknum = 47]
[12215 12281 12348 12415 12483 12551 12618 12686 12754 12824 12894 12966 13039 13113 13189 13266 13344 13422 13502 13582 13664 13746 13829 13914 13999 14085 14173 14262 14352 14443 14537 14631 14727 14824 14922 15021 15120 15220 15320 15419 15517 15615 15711 15807 15903 15999 16095 ]

6	yang2
[start = 17100]
[end = 22042]
[peaknum = 56]
[17832 17927 18019 18109 18195 18280 18364 18446 18526 18606 18686 18767 18849 18934 19022 19112 19202 19294 19387 19480 19572 19665 19757 19848 19939 20029 20118 20206 20293 20378 20462 20543 20622 20698 20772 20844 20913 20980 21046 21109 21172 21233 21293 21352 21409 21466 21523 21578 21634 21688 21743 21797 21851 21904 21958 22010 ]

7	yang2
[start = 22042]
[end = 29872]
[peaknum = 95]
[22063 22115 22168 22220 22272 22324 22377 22429 22482 22535 22589 22643 22697 22752 22807 22863 22920 22977 23035 23093 23152 23212 23273 23337 23403 23471 23543 23618 23695 23775 23858 23943 24031 24122 24214 24307 24401 24497 24593 24690 24790 24890 24991 25093 25195 25297 25401 25505 25609 25713 25818 25923 26028 26133 26236 26339 26440 26540 26638 26736 26832 26928 27023 27117 27210 27303 27395 27487 27578 27668 27757 27844 27930 28014 28096 28178 28258 28337 28414 28491 28565 28639 28711 28783 28853 28923 28993 29061 29131 29201 29272 29344 29418 29492 29567 ]

8	SIL
[start = 29872]
[end = 30320]

9	yang2
[start = 30320]
[end = 35881]
[peaknum = 69]
[30661 30768 30863 30953 31040 31125 31210 31294 31378 31461 31544 31626 31707 31788 31867 31947 32028 32112 32197 32283 32370 32460 32549 32640 32731 32823 32915 33007 33100 33194 33288 33381 33475 33568 33661 33753 33844 33933 34019 34103 34184 34263 34339 34413 34484 34553 34620 34686 34750 34812 34874 34934 34993 35052 35109 35165 35221 35277 35332 35386 35441 35495 35549 35602 35656 35709 35763 35816 35870 ]

10	yang2
[start = 35881]
[end = 41648]
[peaknum = 66]
[35924 35978 36032 36086 36142 36197 36253 36310 36367 36425 36484 36544 36605 36667 36728 36791 36854 36919 36986 37054 37125 37199 37275 37354 37435 37519 37605 37694 37786 37881 37978 38079 38186 38297 38411 38526 38642 38757 38870 38983 39096 39210 39325 39440 39554 39668 39780 39891 40001 40109 40214 40318 40419 40519 40616 40713 40808 40902 40994 41084 41173 41260 41346 41431 41514 41597 ]

11	wang2
[start = 41648]
[end = 46528]
[peaknum = 57]
[41678 41758 41838 41917 41996 42075 42153 42232 42310 42389 42467 42546 42626 42705 42786 42868 42951 43035 43120 43206 43294 43383 43475 43569 43665 43763 43863 43966 44069 44174 44278 44382 44485 44586 44686 44785 44881 44977 45071 45164 45256 45347 45436 45522 45606 45689 45769 45848 45925 46001 46075 46148 46220 46292 46363 46436 46510 ]

12	chun1
[start = 46528]
[end = 51819]
[peaknum = 66]
[48680 48728 48776 48824 48872 48921 48969 49018 49067 49115 49164 49213 49262 49311 49360 49408 49457 49506 49554 49603 49651 49700 49748 49796 49845 49893 49942 49990 50039 50087 50136 50185 50234 50282 50331 50379 50428 50476 50524 50572 50620 50668 50715 50763 50810 50857 50904 50951 50998 51044 51091 51137 51183 51229 51275 51321 51368 51414 51459 51505 51552 51598 51645 51692 51739 51787 ]

13	lou4
[start = 51819]
[end = 56385]
[peaknum = 58]
[51834 51881 51927 51973 52018 52063 52108 52152 52197 52243 52288 52334 52380 52426 52473 52520 52568 52615 52664 52713 52762 52812 52863 52915 52968 53022 53077 53133 53191 53249 53309 53371 53434 53498 53564 53631 53699 53770 53842 53916 53993 54073 54155 54240 54327 54416 54506 54598 54691 54788 54888 54992 55100 55212 55328 55450 55573 55689 ]

14	SIL
[start = 56385]
[end = 59949]

15	yi1
[start = 59949]
[end = 62845]
[peaknum = 46]
[60536 60577 60619 60661 60703 60745 60787 60830 60873 60916 60960 61003 61046 61089 61132 61175 61217 61260 61302 61345 61387 61429 61472 61515 61557 61600 61643 61687 61730 61774 61818 61862 61907 61952 61998 62044 62090 62138 62186 62235 62284 62334 62386 62440 62499 62559 ]

16	SIL
[start = 62845]
[end = 63151]

17	ju3
[start = 63151]
[end = 65824]
[peaknum = 14]
[64523 64607 64693 64781 64872 64965 65059 65156 65256 65360 65465 65573 65685 65798 ]

18	nang2
[start = 65824]
[end = 70001]
[peaknum = 39]
[65910 66023 66135 66248 66361 66475 66587 66696 66807 66923 67041 67159 67277 67395 67512 67630 67753 67888 68017 68127 68247 68361 68468 68572 68672 68770 68866 68960 69053 69144 69234 69320 69403 69485 69565 69645 69727 69809 69892 ]

19	kuo4
[start = 70001]
[end = 75088]
[peaknum = 35]
[71865 71924 71985 72047 72109 72173 72239 72306 72375 72446 72518 72591 72666 72742 72819 72897 72976 73056 73137 73219 73302 73385 73471 73557 73644 73732 73821 73910 73999 74089 74179 74269 74360 74453 74547 ]

20	SIL
[start = 75088]
[end = 76656]

21	jin1
[start = 76656]
[end = 80651]
[peaknum = 59]
[77955 78002 78050 78097 78145 78192 78240 78287 78334 78382 78429 78476 78523 78570 78617 78664 78711 78758 78805 78852 78899 78945 78992 79038 79085 79131 79177 79223 79269 79315 79361 79406 79452 79497 79542 79587 79633 79678 79723 79768 79813 79858 79903 79948 79994 80039 80085 80130 80176 80222 80268 80315 80362 80409 80456 80504 80552 80601 80650 ]

22	yin2
[start = 80651]
[end = 84187]
[peaknum = 46]
[80700 80751 80803 80856 80910 80966 81022 81081 81141 81202 81266 81331 81397 81466 81537 81611 81688 81768 81851 81938 82028 82122 82220 82320 82423 82526 82629 82731 82829 82925 83019 83111 83201 83287 83370 83450 83529 83604 83678 83750 83821 83892 83962 84033 84105 84176 ]

23	tong2
[start = 84187]
[end = 90661]
[peaknum = 50]
[85945 86021 86100 86186 86275 86365 86458 86554 86653 86752 86850 86948 87046 87145 87244 87344 87445 87546 87648 87749 87851 87952 88053 88155 88259 88363 88468 88575 88682 88790 88896 89001 89105 89207 89306 89404 89498 89590 89678 89764 89847 89927 90005 90081 90155 90228 90299 90370 90441 90512 ]

24	san1
[start = 90661]
[end = 95172]
[peaknum = 58]
[92373 92419 92465 92512 92558 92604 92651 92697 92744 92791 92839 92886 92934 92981 93029 93076 93124 93171 93218 93265 93313 93360 93407 93454 93501 93548 93596 93643 93690 93737 93784 93831 93879 93926 93973 94021 94068 94115 94162 94209 94255 94302 94348 94394 94440 94486 94531 94577 94622 94668 94714 94761 94807 94854 94902 94950 94998 95046 ]

25	kuai4
[start = 95172]
[end = 99040]
[peaknum = 29]
[96858 96913 96968 97021 97072 97125 97178 97233 97290 97349 97409 97471 97536 97603 97672 97743 97817 97894 97974 98058 98146 98237 98334 98434 98539 98646 98754 98863 98972 ]

26	SIL
[start = 99040]
[end = 99516]

27	jiang3
[start = 99516]
[end = 103219]
[peaknum = 12]
[100749 100851 100956 101065 101176 101292 101410 101536 101660 101809 101971 102119 ]

28	pai2
[start = 103219]
[end = 109232]
[peaknum = 44]
[104671 104765 104852 104935 105025 105127 105239 105355 105471 105585 105694 105801 105907 106011 106113 106215 106319 106426 106536 106650 106768 106886 107005 107124 107245 107367 107487 107606 107723 107837 107946 108051 108154 108252 108348 108441 108530 108617 108701 108783 108863 108942 109019 109096 ]

29	SIL
[start = 109232]
[end = 110915]

