[SampleRate = 16000]
[ElementNum = 35]
1	SIL
[start = 0]
[end = 976]

2	ke3
[start = 976]
[end = 3391]
[peaknum = 21]
[1923 1984 2047 2111 2176 2244 2314 2386 2459 2533 2609 2685 2761 2838 2913 2988 3062 3134 3206 3278 3351 ]

3	shi4
[start = 3391]
[end = 9088]
[peaknum = 64]
[5580 5625 5669 5714 5760 5805 5851 5896 5942 5988 6033 6079 6124 6170 6216 6262 6308 6354 6400 6447 6493 6540 6587 6634 6682 6730 6778 6827 6876 6925 6975 7025 7075 7126 7177 7229 7280 7332 7385 7438 7491 7545 7599 7653 7708 7763 7819 7875 7931 7988 8046 8103 8161 8219 8278 8336 8396 8457 8519 8583 8649 8716 8783 8848 ]

4	wo3
[start = 9088]
[end = 12752]
[peaknum = 37]
[9719 9801 9882 9959 10035 10110 10184 10258 10333 10408 10483 10560 10637 10715 10795 10875 10956 11038 11121 11205 11290 11377 11465 11555 11647 11740 11833 11928 12022 12116 12210 12305 12402 12495 12582 12667 12749 ]

5	SIL
[start = 12752]
[end = 13424]

6	dui4
[start = 13424]
[end = 16416]
[peaknum = 42]
[13763 13816 13868 13920 13972 14025 14077 14128 14180 14232 14284 14336 14389 14441 14494 14547 14601 14655 14709 14764 14820 14877 14934 14992 15051 15112 15173 15235 15299 15363 15428 15495 15563 15632 15704 15777 15853 15930 16009 16089 16171 16254 ]

7	yu2
[start = 16416]
[end = 19088]
[peaknum = 26]
[16814 16893 16977 17064 17152 17240 17329 17417 17506 17595 17684 17773 17862 17950 18037 18124 18210 18295 18380 18463 18546 18627 18708 18789 18872 18958 ]

8	SIL
[start = 19088]
[end = 19815]

9	dang1
[start = 19815]
[end = 24064]
[peaknum = 71]
[19953 20008 20061 20114 20169 20223 20278 20332 20387 20443 20498 20553 20608 20664 20719 20774 20830 20885 20941 20996 21052 21107 21162 21218 21273 21328 21383 21439 21494 21549 21604 21659 21714 21768 21823 21878 21933 21988 22042 22097 22152 22207 22262 22317 22372 22426 22481 22535 22589 22643 22697 22751 22804 22858 22911 22965 23018 23072 23125 23178 23231 23284 23337 23389 23442 23495 23548 23602 23656 23711 23766 ]

10	SIL
[start = 24064]
[end = 24560]

11	zhi1
[start = 24560]
[end = 26888]
[peaknum = 29]
[25582 25626 25670 25715 25760 25805 25850 25896 25941 25986 26031 26076 26122 26167 26212 26257 26302 26347 26392 26437 26483 26528 26573 26619 26665 26712 26759 26807 26855 ]

12	shi5
[start = 26888]
[end = 29936]
[peaknum = 20]
[28631 28686 28742 28800 28861 28923 28986 29049 29113 29178 29243 29309 29374 29439 29505 29571 29637 29704 29770 29836 ]

13	fen4
[start = 29936]
[end = 35184]
[peaknum = 59]
[31808 31851 31893 31936 31980 32023 32067 32111 32155 32198 32243 32287 32331 32375 32420 32464 32509 32554 32600 32646 32691 32738 32785 32832 32879 32927 32975 33024 33074 33124 33174 33226 33279 33333 33388 33444 33502 33560 33620 33680 33741 33804 33868 33934 34000 34067 34136 34205 34276 34347 34420 34494 34570 34647 34726 34808 34896 34988 35078 ]

14	SIL
[start = 35184]
[end = 35445]

15	zi3
[start = 35445]
[end = 39104]
[peaknum = 23]
[36640 36725 36814 36907 37001 37097 37194 37293 37393 37496 37599 37703 37809 37918 38031 38146 38262 38377 38494 38607 38719 38831 38942 ]

16	SIL
[start = 39104]
[end = 39568]

17	zhe4
[start = 39568]
[end = 41943]
[peaknum = 23]
[40327 40391 40455 40519 40582 40644 40707 40769 40832 40895 40958 41022 41087 41153 41221 41289 41360 41434 41511 41594 41683 41771 41860 ]

18	SIL
[start = 41943]
[end = 42173]

19	ge5
[start = 42173]
[end = 43921]
[peaknum = 10]
[42747 42837 42929 43022 43116 43211 43307 43404 43501 43598 ]

20	hang2
[start = 43921]
[end = 49764]
[peaknum = 37]
[45954 46057 46170 46285 46400 46514 46624 46731 46836 46941 47047 47153 47261 47370 47481 47594 47705 47814 47921 48024 48126 48225 48319 48408 48494 48576 48656 48734 48809 48882 48953 49023 49092 49160 49229 49297 49366 ]

21	dang5
[start = 49764]
[end = 54490]
[peaknum = 46]
[50058 50108 50158 50208 50258 50309 50359 50410 50461 50511 50562 50613 50664 50715 50767 50819 50871 50923 50977 51030 51085 51140 51195 51251 51308 51365 51423 51482 51541 51602 51664 51729 51796 51865 51936 52011 52090 52172 52259 52350 52447 52550 52659 52772 52889 53010 ]

22	SIL
[start = 54490]
[end = 57728]

23	que4
[start = 57728]
[end = 63296]
[peaknum = 47]
[59826 59891 59955 60019 60083 60147 60213 60280 60346 60414 60482 60551 60620 60691 60762 60835 60908 60982 61058 61135 61212 61291 61370 61449 61528 61607 61687 61766 61846 61926 62005 62086 62166 62246 62326 62405 62485 62564 62643 62721 62798 62878 62959 63041 63123 63205 63286 ]

24	SIL
[start = 63296]
[end = 63648]

25	zhen1
[start = 63648]
[end = 66222]
[peaknum = 36]
[64434 64487 64539 64591 64643 64694 64745 64795 64846 64895 64945 64994 65043 65092 65141 65190 65238 65287 65336 65385 65434 65483 65533 65582 65632 65682 65733 65783 65834 65885 65937 65989 66041 66093 66145 66198 ]

26	you2
[start = 66222]
[end = 69792]
[peaknum = 47]
[66251 66305 66358 66413 66468 66523 66580 66637 66695 66753 66813 66874 66936 66998 67062 67127 67195 67266 67340 67419 67502 67588 67677 67770 67864 67961 68058 68155 68252 68346 68438 68528 68615 68700 68783 68864 68942 69018 69093 69167 69239 69311 69382 69452 69524 69601 69683 ]

27	SIL
[start = 69792]
[end = 70160]

28	dian3
[start = 70160]
[end = 74816]
[peaknum = 39]
[70545 70620 70695 70771 70849 70929 71012 71096 71183 71272 71362 71453 71547 71644 71744 71848 71956 72067 72181 72298 72417 72540 72665 72784 72918 73044 73172 73313 73421 73555 73675 73797 73918 74038 74158 74276 74380 74469 74552 ]

29	SIL
[start = 74816]
[end = 75200]

30	tan2
[start = 75200]
[end = 80356]
[peaknum = 39]
[77403 77490 77581 77681 77782 77883 77984 78083 78181 78278 78374 78469 78561 78651 78739 78825 78910 78993 79074 79154 79231 79305 79377 79447 79515 79581 79645 79708 79768 79828 79887 79944 80000 80055 80111 80166 80222 80278 80335 ]

31	hu3
[start = 80356]
[end = 84272]
[peaknum = 18]
[82358 82429 82503 82585 82673 82763 82855 82950 83046 83147 83258 83372 83488 83605 83701 83792 83897 84013 ]

32	se4
[start = 84272]
[end = 88768]
[peaknum = 22]
[87029 87093 87156 87219 87284 87349 87416 87485 87555 87628 87701 87777 87855 87935 88018 88103 88193 88287 88387 88494 88609 88731 ]

33	SIL
[start = 88768]
[end = 89568]

34	bian4
[start = 89568]
[end = 94032]
[peaknum = 34]
[89777 89846 89917 89989 90061 90132 90203 90273 90342 90412 90481 90550 90619 90688 90758 90829 90900 90971 91044 91118 91193 91270 91349 91431 91514 91600 91688 91778 91871 91969 92071 92180 92297 92424 ]

35	SIL
[start = 94032]
[end = 95104]

