[SampleRate = 16000]
[ElementNum = 30]
1	SIL
[start = 0]
[end = 1568]

2	bao1
[start = 1568]
[end = 3817]
[peaknum = 42]
[1761 1805 1848 1893 1937 1983 2029 2075 2122 2168 2214 2260 2306 2352 2398 2443 2489 2534 2580 2625 2670 2715 2760 2805 2850 2895 2939 2984 3029 3073 3118 3163 3208 3253 3298 3343 3388 3434 3480 3527 3575 3623 ]

3	SIL
[start = 3817]
[end = 4152]

4	kuo4
[start = 4152]
[end = 10507]
[peaknum = 61]
[5947 5994 6041 6089 6137 6187 6236 6287 6338 6389 6441 6494 6548 6603 6659 6716 6774 6833 6892 6953 7014 7076 7140 7204 7270 7338 7406 7475 7546 7617 7689 7762 7836 7910 7985 8061 8137 8214 8292 8370 8449 8528 8609 8690 8771 8852 8934 9016 9099 9182 9266 9352 9439 9529 9621 9717 9817 9919 10016 10117 10225 ]

5	ren2
[start = 10507]
[end = 14599]
[peaknum = 48]
[10816 10931 11034 11129 11221 11310 11398 11486 11572 11657 11741 11826 11911 11997 12083 12170 12257 12344 12432 12519 12607 12695 12783 12871 12958 13045 13132 13217 13301 13384 13464 13543 13620 13695 13767 13838 13908 13975 14041 14106 14169 14231 14293 14354 14414 14475 14536 14597 ]

6	shou4
[start = 14599]
[end = 19376]
[peaknum = 55]
[16498 16539 16580 16622 16663 16704 16746 16787 16829 16871 16912 16954 16996 17039 17081 17123 17166 17209 17253 17297 17341 17385 17430 17476 17522 17568 17615 17662 17710 17759 17808 17858 17908 17960 18012 18065 18119 18173 18229 18286 18343 18402 18462 18523 18585 18648 18712 18778 18845 18914 18985 19061 19141 19222 19303 ]

7	SIL
[start = 19376]
[end = 20256]

8	bao2
[start = 20256]
[end = 23425]
[peaknum = 32]
[20666 20756 20849 20944 21041 21140 21241 21342 21444 21546 21647 21747 21847 21945 22043 22138 22230 22319 22404 22484 22562 22637 22709 22779 22848 22915 22981 23047 23113 23178 23245 23311 ]

9	xian3
[start = 23425]
[end = 29728]
[peaknum = 24]
[25621 25700 25781 25864 25948 26036 26124 26214 26305 26398 26492 26587 26686 26787 26891 26997 27103 27210 27319 27429 27546 27671 27794 27910 ]

10	SIL
[start = 29728]
[end = 33911]

11	jian4
[start = 33911]
[end = 38928]
[peaknum = 62]
[35517 35562 35607 35652 35698 35743 35789 35834 35880 35925 35970 36015 36060 36104 36149 36194 36238 36283 36328 36373 36418 36463 36509 36555 36601 36648 36695 36742 36791 36839 36888 36938 36989 37040 37092 37145 37200 37255 37312 37369 37428 37489 37551 37614 37679 37746 37813 37883 37953 38024 38095 38168 38240 38314 38387 38460 38534 38610 38687 38765 38844 38924 ]

12	kang1
[start = 38928]
[end = 43872]
[peaknum = 63]
[40501 40552 40603 40654 40704 40755 40806 40856 40907 40959 41011 41063 41116 41169 41222 41275 41328 41381 41433 41486 41538 41590 41641 41692 41743 41793 41843 41894 41944 41993 42043 42092 42142 42191 42240 42289 42338 42386 42434 42482 42530 42578 42626 42674 42722 42771 42820 42869 42918 42967 43017 43067 43117 43166 43216 43266 43316 43366 43417 43468 43520 43573 43627 ]

13	SIL
[start = 43872]
[end = 44272]

14	bao2
[start = 44272]
[end = 47227]
[peaknum = 32]
[44469 44537 44607 44676 44747 44822 44903 44988 45079 45175 45274 45377 45483 45592 45701 45809 45916 46018 46118 46215 46310 46401 46488 46571 46652 46731 46808 46883 46957 47031 47104 47177 ]

15	xian3
[start = 47227]
[end = 53093]
[peaknum = 17]
[49273 49344 49416 49491 49568 49649 49732 49818 49908 50000 50095 50193 50295 50402 50517 50638 50761 ]

16	SIL
[start = 53093]
[end = 57468]

17	yi4
[start = 57468]
[end = 60517]
[peaknum = 55]
[57937 57983 58029 58075 58121 58167 58213 58259 58306 58352 58399 58445 58491 58537 58583 58628 58673 58718 58763 58808 58852 58897 58941 58985 59030 59074 59118 59163 59207 59252 59296 59341 59387 59432 59478 59524 59571 59618 59665 59713 59762 59811 59860 59910 59961 60012 60064 60116 60169 60222 60275 60330 60384 60439 60494 ]

18	wai4
[start = 60517]
[end = 64248]
[peaknum = 57]
[60549 60604 60659 60714 60768 60822 60876 60929 60982 61036 61089 61143 61197 61252 61307 61363 61420 61477 61535 61593 61652 61712 61772 61833 61894 61955 62017 62079 62141 62204 62267 62331 62397 62463 62531 62601 62672 62744 62818 62893 62968 63045 63123 63200 63279 63357 63435 63512 63589 63666 63742 63817 63893 63968 64042 64116 64190 ]

19	shang1
[start = 64248]
[end = 68112]
[peaknum = 47]
[65790 65842 65894 65945 65996 66047 66098 66150 66202 66253 66305 66357 66408 66460 66511 66561 66612 66662 66713 66763 66814 66864 66914 66964 67013 67063 67112 67162 67211 67260 67308 67357 67406 67454 67502 67551 67599 67647 67694 67741 67789 67836 67884 67932 67981 68030 68079 ]

20	hai4
[start = 68112]
[end = 71488]
[peaknum = 28]
[69754 69800 69846 69893 69940 69987 70036 70085 70135 70186 70239 70292 70347 70403 70460 70518 70577 70638 70699 70761 70824 70888 70954 71021 71089 71159 71234 71314 ]

21	SIL
[start = 71488]
[end = 72208]

22	bao2
[start = 72208]
[end = 75158]
[peaknum = 27]
[72526 72621 72721 72824 72931 73042 73155 73269 73384 73498 73612 73722 73829 73932 74031 74128 74225 74321 74415 74507 74596 74681 74764 74845 74926 75007 75090 ]

23	xian2
[start = 75158]
[end = 81218]
[peaknum = 40]
[76952 77047 77144 77243 77343 77445 77550 77658 77768 77880 77995 78113 78231 78351 78472 78591 78708 78823 78937 79050 79163 79273 79380 79484 79585 79685 79781 79875 79965 80054 80140 80225 80309 80391 80474 80555 80637 80718 80800 80881 ]

24	deng3
[start = 81218]
[end = 85344]
[peaknum = 36]
[81479 81550 81626 81708 81793 81881 81971 82064 82160 82258 82359 82462 82567 82674 82784 82897 83012 83128 83246 83364 83480 83594 83708 83822 83936 84051 84170 84291 84410 84528 84645 84760 84874 84986 85094 85198 ]

25	SIL
[start = 85344]
[end = 85840]

26	bao2
[start = 85840]
[end = 88783]
[peaknum = 31]
[86278 86372 86467 86565 86666 86767 86868 86969 87069 87168 87265 87361 87456 87548 87639 87727 87812 87893 87970 88043 88113 88181 88247 88313 88379 88445 88511 88577 88644 88712 88780 ]

27	xian3
[start = 88783]
[end = 93408]
[peaknum = 10]
[90590 90675 90761 90849 90942 91041 91146 91266 91397 91518 ]

28	ye4
[start = 93408]
[end = 96193]
[peaknum = 22]
[93966 94048 94129 94211 94293 94375 94458 94541 94625 94711 94799 94889 94981 95075 95169 95265 95363 95466 95572 95684 95801 95922 ]

29	wu4
[start = 96193]
[end = 99600]
[peaknum = 20]
[96790 96916 97039 97161 97279 97395 97509 97620 97731 97841 97950 98060 98173 98292 98407 98562 98717 98878 99035 99195 ]

30	SIL
[start = 99600]
[end = 101572]

