[SampleRate = 16000]
[ElementNum = 29]
1	SIL
[start = 0]
[end = 2584]

2	fen1
[start = 2584]
[end = 6096]
[peaknum = 62]
[3354 3393 3433 3473 3514 3556 3599 3643 3686 3730 3774 3819 3863 3907 3951 3995 4039 4083 4127 4171 4215 4259 4303 4347 4391 4435 4478 4522 4565 4609 4652 4696 4739 4782 4826 4870 4914 4959 5003 5048 5093 5138 5183 5227 5272 5316 5361 5405 5449 5493 5537 5582 5626 5671 5716 5761 5807 5854 5901 5948 5996 6045 ]

3	SIL
[start = 6096]
[end = 6480]

4	bie2
[start = 6480]
[end = 10208]
[peaknum = 44]
[6746 6798 6851 6905 6961 7019 7080 7143 7208 7275 7346 7418 7492 7569 7647 7726 7807 7890 7974 8059 8146 8234 8322 8410 8498 8586 8674 8763 8851 8939 9027 9115 9203 9291 9378 9465 9550 9635 9721 9807 9893 9977 10059 10139 ]

5	SIL
[start = 10208]
[end = 10560]

6	que4
[start = 10560]
[end = 14288]
[peaknum = 32]
[12338 12387 12437 12487 12538 12590 12643 12695 12748 12802 12856 12911 12966 13023 13079 13137 13196 13255 13315 13376 13438 13501 13565 13630 13696 13763 13831 13900 13970 14042 14117 14194 ]

7	SIL
[start = 14288]
[end = 14592]

8	ding4
[start = 14592]
[end = 18913]
[peaknum = 47]
[14889 14952 15015 15080 15146 15213 15280 15348 15417 15487 15558 15631 15704 15778 15854 15931 16009 16089 16170 16252 16336 16421 16507 16594 16682 16772 16863 16955 17049 17143 17239 17335 17433 17532 17632 17730 17828 17924 18017 18107 18193 18277 18359 18439 18519 18597 18674 ]

9	SIL
[start = 18913]
[end = 19087]

10	pai2
[start = 19087]
[end = 23212]
[peaknum = 27]
[20949 21030 21113 21201 21292 21383 21475 21570 21668 21769 21870 21974 22077 22176 22272 22364 22454 22540 22622 22701 22778 22852 22925 22996 23065 23133 23199 ]

11	wei4
[start = 23212]
[end = 26657]
[peaknum = 52]
[23265 23329 23391 23453 23513 23572 23630 23687 23743 23799 23854 23908 23962 24017 24071 24125 24180 24234 24289 24344 24400 24456 24512 24569 24626 24684 24742 24801 24861 24922 24983 25046 25109 25174 25240 25307 25376 25446 25517 25591 25665 25741 25818 25895 25973 26051 26129 26207 26285 26362 26441 26521 ]

12	sai4
[start = 26657]
[end = 32416]
[peaknum = 48]
[28032 28095 28160 28225 28293 28362 28434 28507 28582 28659 28737 28817 28899 28982 29067 29154 29243 29335 29428 29524 29623 29723 29826 29931 30037 30144 30252 30360 30467 30574 30681 30787 30894 31000 31106 31212 31318 31423 31529 31636 31741 31844 31943 32035 32120 32203 32283 32364 ]

13	SIL
[start = 32416]
[end = 32672]

14	san1
[start = 32672]
[end = 37920]
[peaknum = 61]
[34754 34803 34852 34901 34950 34999 35049 35099 35148 35198 35248 35299 35349 35399 35450 35500 35550 35601 35651 35701 35751 35802 35852 35902 35952 36003 36053 36103 36153 36203 36253 36303 36354 36404 36454 36505 36555 36606 36656 36705 36755 36804 36853 36902 36951 37000 37048 37097 37145 37194 37242 37290 37338 37387 37435 37484 37532 37582 37631 37682 37732 ]

15	zhan4
[start = 37920]
[end = 42720]
[peaknum = 52]
[38713 38761 38809 38857 38906 38956 39006 39057 39109 39161 39215 39270 39326 39384 39443 39503 39565 39627 39692 39757 39824 39893 39964 40037 40112 40190 40270 40351 40435 40522 40610 40700 40792 40886 40982 41081 41182 41285 41389 41495 41602 41709 41816 41921 42025 42128 42229 42326 42421 42514 42605 42694 ]

16	fen1
[start = 42720]
[end = 47732]
[peaknum = 55]
[44994 45044 45094 45144 45194 45243 45293 45342 45391 45440 45489 45537 45586 45635 45684 45733 45782 45830 45879 45929 45978 46028 46078 46128 46178 46228 46277 46326 46375 46424 46473 46522 46570 46618 46666 46714 46761 46809 46857 46904 46951 46999 47046 47093 47140 47187 47234 47281 47329 47376 47424 47472 47521 47569 47618 ]

17	zhan4
[start = 47732]
[end = 51969]
[peaknum = 50]
[48320 48365 48410 48455 48501 48547 48594 48642 48690 48738 48788 48838 48889 48940 48993 49047 49102 49158 49214 49273 49332 49394 49457 49522 49588 49657 49727 49800 49875 49952 50032 50114 50201 50291 50384 50482 50584 50690 50799 50909 51019 51129 51237 51342 51447 51550 51651 51752 51854 51958 ]

18	sai4
[start = 51969]
[end = 56999]
[peaknum = 25]
[53640 53711 53782 53854 53928 54003 54081 54161 54244 54330 54419 54510 54604 54700 54799 54903 55009 55120 55233 55349 55465 55582 55700 55817 55937 ]

19	SIL
[start = 56999]
[end = 57346]

20	can1
[start = 57346]
[end = 62488]
[peaknum = 53]
[59855 59907 59958 60009 60060 60111 60162 60214 60265 60317 60368 60419 60470 60521 60572 60622 60673 60724 60774 60824 60875 60925 60975 61026 61076 61126 61176 61226 61275 61325 61374 61423 61472 61521 61570 61619 61667 61715 61764 61812 61860 61908 61956 62003 62051 62099 62147 62195 62243 62292 62341 62390 62440 ]

21	sai4
[start = 62488]
[end = 66624]
[peaknum = 37]
[63834 63879 63925 63971 64017 64065 64113 64162 64212 64262 64313 64365 64419 64474 64529 64587 64645 64705 64766 64829 64894 64962 65031 65103 65177 65253 65332 65413 65498 65586 65679 65777 65881 65990 66102 66215 66328 ]

22	SIL
[start = 66624]
[end = 67440]

23	qi2
[start = 67440]
[end = 70432]
[peaknum = 17]
[69137 69222 69306 69389 69471 69552 69632 69710 69786 69860 69932 70003 70072 70141 70209 70278 70346 ]

24	shou3
[start = 70432]
[end = 73713]
[peaknum = 12]
[71820 71902 71982 72067 72162 72267 72386 72520 72671 72823 72981 73172 ]

25	SIL
[start = 73713]
[end = 74976]

26	zi1
[start = 74976]
[end = 77610]
[peaknum = 25]
[76044 76107 76171 76237 76302 76366 76429 76492 76555 76617 76679 76740 76802 76863 76924 76984 77045 77105 77165 77225 77285 77346 77408 77473 77542 ]

27	SIL
[start = 77610]
[end = 78353]

28	ge2
[start = 78353]
[end = 81808]
[peaknum = 21]
[78961 79058 79145 79240 79340 79445 79561 79687 79821 79952 80099 80222 80400 80560 80706 80848 80985 81115 81243 81361 81479 ]

29	SIL
[start = 81808]
[end = 84772]

