[SampleRate = 16000]
[ElementNum = 30]
1	SIL
[start = 0]
[end = 3168]

2	yi2
[start = 3168]
[end = 7268]
[peaknum = 49]
[3373 3441 3512 3584 3658 3731 3804 3878 3951 4025 4099 4173 4247 4322 4396 4471 4547 4623 4700 4777 4855 4933 5012 5091 5170 5250 5330 5410 5490 5571 5652 5733 5815 5896 5978 6059 6141 6222 6303 6385 6465 6546 6627 6708 6789 6872 6954 7038 7122 ]

3	SIL
[start = 7268]
[end = 7728]

4	jing2
[start = 7728]
[end = 11901]
[peaknum = 46]
[8781 8855 8930 9004 9079 9155 9232 9308 9386 9463 9541 9618 9695 9770 9845 9918 9990 10060 10128 10195 10260 10324 10386 10448 10507 10566 10624 10680 10735 10790 10844 10896 10948 11000 11050 11100 11149 11199 11248 11297 11346 11395 11444 11493 11543 11592 ]

5	dian3
[start = 11901]
[end = 15363]
[peaknum = 35]
[12442 12493 12543 12595 12647 12699 12753 12807 12863 12921 12981 13043 13108 13176 13248 13323 13403 13486 13575 13668 13765 13868 13974 14081 14189 14301 14417 14538 14661 14781 14898 15010 15116 15213 15304 ]

6	kai1
[start = 15363]
[end = 19008]
[peaknum = 27]
[17438 17497 17556 17615 17674 17733 17792 17852 17911 17970 18030 18089 18148 18207 18266 18324 18383 18441 18499 18557 18615 18673 18730 18788 18845 18903 18961 ]

7	SIL
[start = 19008]
[end = 19132]

8	fa1
[start = 19132]
[end = 24272]
[peaknum = 69]
[20282 20335 20388 20440 20493 20547 20601 20655 20709 20764 20819 20874 20929 20985 21040 21096 21152 21209 21265 21321 21377 21434 21490 21546 21602 21658 21714 21770 21826 21882 21938 21994 22050 22107 22163 22219 22275 22331 22387 22444 22500 22556 22613 22669 22725 22782 22838 22894 22951 23007 23063 23120 23176 23232 23289 23345 23400 23456 23512 23567 23622 23677 23732 23788 23843 23899 23955 24012 24070 ]

9	SIL
[start = 24272]
[end = 26240]

10	wan2
[start = 26240]
[end = 30711]
[peaknum = 51]
[26517 26595 26673 26752 26834 26920 27007 27094 27180 27267 27353 27439 27524 27608 27692 27776 27861 27947 28035 28124 28215 28306 28399 28492 28586 28680 28774 28868 28961 29054 29146 29237 29328 29417 29504 29589 29671 29751 29828 29904 29977 30050 30121 30190 30259 30326 30393 30458 30523 30588 30654 ]

11	shan4
[start = 30711]
[end = 35002]
[peaknum = 48]
[32300 32346 32391 32437 32483 32529 32575 32621 32668 32714 32760 32807 32854 32901 32948 32995 33043 33091 33139 33188 33238 33288 33339 33391 33443 33496 33551 33606 33663 33722 33781 33842 33904 33968 34032 34096 34162 34228 34295 34362 34430 34498 34566 34634 34704 34776 34849 34924 ]

12	cu4
[start = 35002]
[end = 38025]
[peaknum = 20]
[36918 36971 37024 37077 37131 37185 37240 37296 37353 37410 37468 37527 37586 37646 37706 37766 37827 37889 37952 38015 ]

13	xiao1
[start = 38025]
[end = 41768]
[peaknum = 48]
[39332 39381 39429 39477 39526 39576 39625 39675 39726 39777 39828 39879 39930 39981 40032 40083 40134 40185 40235 40285 40336 40386 40436 40486 40536 40586 40636 40686 40736 40786 40836 40886 40936 40986 41037 41087 41138 41188 41239 41291 41343 41395 41447 41500 41553 41608 41663 41718 ]

14	wang3
[start = 41768]
[end = 45937]
[peaknum = 38]
[41774 41831 41887 41944 42000 42056 42113 42169 42227 42286 42346 42407 42471 42537 42605 42676 42753 42835 42923 43016 43114 43216 43324 43438 43554 43673 43794 43917 44043 44172 44308 44445 44599 44753 44919 45081 45228 45387 ]

15	luo4
[start = 45937]
[end = 50033]
[peaknum = 39]
[45954 46039 46121 46201 46278 46353 46422 46489 46555 46621 46686 46751 46815 46880 46944 47008 47072 47136 47201 47266 47331 47398 47465 47534 47605 47677 47752 47828 47907 47989 48075 48164 48257 48356 48462 48573 48691 48822 48956 ]

16	SIL
[start = 50033]
[end = 54624]

17	gai3
[start = 54624]
[end = 57201]
[peaknum = 24]
[55176 55250 55326 55405 55485 55567 55650 55734 55820 55907 55995 56084 56174 56265 56357 56451 56544 56638 56732 56823 56912 56999 57085 57168 ]

18	shan4
[start = 57201]
[end = 62260]
[peaknum = 59]
[58694 58745 58795 58846 58897 58949 59000 59052 59104 59155 59207 59258 59310 59361 59412 59464 59515 59567 59619 59671 59723 59776 59829 59883 59937 59991 60046 60102 60158 60215 60273 60332 60391 60452 60513 60575 60639 60703 60769 60835 60903 60972 61042 61113 61185 61257 61329 61402 61475 61549 61623 61698 61774 61851 61929 62009 62091 62174 62258 ]

19	lv3
[start = 62260]
[end = 64479]
[peaknum = 22]
[62344 62430 62518 62609 62701 62794 62884 62969 63054 63138 63224 63311 63400 63493 63588 63688 63795 63912 64045 64157 64283 64411 ]

20	you2
[start = 64479]
[end = 67307]
[peaknum = 25]
[64539 64665 64789 64908 65025 65142 65260 65382 65504 65628 65752 65874 65995 66115 66232 66347 66459 66570 66679 66784 66886 66983 67077 67168 67258 ]

21	xiao1
[start = 67307]
[end = 71024]
[peaknum = 36]
[69101 69155 69209 69263 69316 69370 69425 69480 69535 69590 69645 69701 69756 69811 69866 69921 69975 70030 70085 70139 70194 70248 70302 70356 70409 70462 70515 70568 70621 70673 70725 70777 70830 70882 70934 70986 ]

22	SIL
[start = 71024]
[end = 71232]

23	fei4
[start = 71232]
[end = 74378]
[peaknum = 30]
[72302 72352 72401 72452 72503 72556 72609 72664 72720 72776 72834 72893 72953 73014 73077 73140 73206 73272 73340 73410 73483 73559 73639 73722 73809 73898 73990 74082 74176 74271 ]

24	huan2
[start = 74378]
[end = 79656]
[peaknum = 39]
[75962 76045 76129 76214 76302 76393 76487 76584 76685 76790 76900 77011 77122 77233 77344 77457 77570 77684 77798 77912 78026 78138 78248 78355 78460 78561 78657 78748 78835 78920 79003 79084 79163 79241 79317 79392 79468 79545 79622 ]

25	jing4
[start = 79656]
[end = 84264]
[peaknum = 53]
[80936 80984 81033 81082 81131 81180 81229 81278 81326 81375 81423 81471 81519 81567 81615 81663 81711 81760 81809 81858 81908 81958 82008 82060 82112 82165 82218 82273 82328 82385 82442 82501 82562 82624 82687 82752 82819 82888 82958 83031 83105 83182 83261 83343 83429 83519 83614 83713 83815 83919 84025 84132 84239 ]

26	wei2
[start = 84264]
[end = 86976]
[peaknum = 25]
[84349 84457 84561 84660 84757 84858 84963 85072 85187 85304 85422 85541 85660 85778 85896 86012 86126 86237 86346 86452 86553 86652 86747 86837 86922 ]

27	SIL
[start = 86976]
[end = 87392]

28	zhong4
[start = 87392]
[end = 90931]
[peaknum = 36]
[87961 88020 88078 88136 88194 88251 88309 88368 88427 88486 88546 88606 88668 88730 88793 88858 88924 88992 89061 89132 89205 89279 89354 89430 89507 89587 89670 89757 89848 89945 90046 90153 90263 90376 90492 90609 ]

29	dian3
[start = 90931]
[end = 95472]
[peaknum = 17]
[91479 91561 91646 91739 91837 91940 92043 92147 92253 92360 92470 92582 92696 92813 92933 93054 93176 ]

30	SIL
[start = 95472]
[end = 98466]

