[SampleRate = 16000]
[ElementNum = 27]
1	SIL
[start = 0]
[end = 2912]

2	yu2
[start = 2912]
[end = 5277]
[peaknum = 37]
[3070 3137 3204 3273 3343 3412 3482 3550 3619 3687 3754 3821 3888 3953 4018 4082 4144 4206 4267 4327 4386 4443 4500 4556 4611 4665 4718 4771 4824 4876 4927 4978 5029 5079 5130 5180 5231 ]

3	shi4
[start = 5277]
[end = 10272]
[peaknum = 54]
[7204 7250 7296 7343 7391 7440 7489 7539 7590 7641 7692 7744 7796 7849 7903 7957 8012 8067 8122 8178 8234 8291 8348 8406 8464 8522 8581 8640 8700 8760 8820 8880 8941 9002 9063 9124 9186 9247 9309 9371 9432 9494 9556 9619 9681 9743 9806 9868 9931 9994 10057 10122 10187 10253 ]

4	SIL
[start = 10272]
[end = 11872]

5	po1
[start = 11872]
[end = 15808]
[peaknum = 56]
[13265 13306 13348 13390 13433 13477 13521 13565 13610 13654 13698 13742 13786 13830 13874 13917 13961 14005 14049 14092 14136 14179 14222 14266 14309 14352 14395 14438 14481 14524 14566 14609 14652 14695 14738 14780 14823 14866 14909 14952 14994 15037 15080 15122 15165 15208 15250 15292 15335 15377 15420 15463 15506 15549 15593 15637 ]

6	SIL
[start = 15808]
[end = 16430]

7	dong3
[start = 16430]
[end = 19936]
[peaknum = 37]
[16640 16691 16744 16798 16854 16911 16971 17033 17098 17165 17236 17309 17387 17466 17549 17635 17725 17818 17916 18017 18120 18227 18335 18446 18558 18672 18789 18907 19028 19148 19264 19377 19487 19595 19700 19803 19905 ]

8	si1
[start = 19936]
[end = 24384]
[peaknum = 31]
[22734 22788 22842 22897 22951 23006 23060 23114 23167 23221 23274 23326 23379 23432 23485 23538 23591 23644 23697 23751 23805 23859 23913 23968 24024 24081 24138 24196 24254 24314 24374 ]

9	wen5
[start = 24384]
[end = 27922]
[peaknum = 41]
[24436 24499 24562 24627 24693 24759 24826 24894 24962 25031 25102 25175 25251 25330 25413 25499 25589 25682 25778 25877 25979 26084 26190 26299 26410 26522 26628 26730 26830 26928 27024 27118 27211 27301 27391 27480 27567 27654 27741 27826 27908 ]

10	de5
[start = 27922]
[end = 31475]
[peaknum = 41]
[28146 28224 28302 28380 28459 28539 28619 28700 28781 28863 28946 29030 29114 29199 29285 29371 29458 29546 29634 29723 29812 29901 29991 30080 30169 30258 30345 30431 30516 30600 30682 30761 30838 30912 30986 31058 31129 31201 31272 31342 31410 ]

11	wai4
[start = 31475]
[end = 35184]
[peaknum = 60]
[31476 31540 31602 31662 31720 31776 31831 31886 31940 31994 32047 32099 32151 32202 32254 32305 32357 32408 32460 32511 32563 32615 32667 32720 32773 32826 32880 32934 32988 33043 33098 33153 33210 33266 33324 33382 33440 33500 33560 33621 33683 33747 33811 33876 33943 34011 34081 34154 34228 34303 34380 34457 34536 34615 34697 34780 34864 34947 35030 35112 ]

12	SIL
[start = 35184]
[end = 35776]

13	gong1
[start = 35776]
[end = 39952]
[peaknum = 69]
[36164 36219 36274 36329 36385 36440 36496 36551 36606 36661 36715 36769 36823 36876 36930 36983 37036 37090 37143 37197 37250 37303 37356 37409 37462 37515 37568 37621 37673 37726 37778 37831 37883 37935 37987 38039 38091 38143 38195 38246 38298 38349 38401 38452 38504 38555 38606 38658 38709 38760 38812 38863 38914 38966 39017 39068 39119 39170 39222 39274 39326 39378 39431 39485 39540 39596 39653 39711 39770 ]

14	SIL
[start = 39952]
[end = 42926]

15	shun4
[start = 42926]
[end = 47835]
[peaknum = 50]
[45281 45321 45360 45399 45439 45479 45519 45559 45600 45641 45682 45724 45766 45808 45850 45893 45936 45979 46022 46066 46110 46155 46200 46245 46292 46339 46386 46435 46485 46535 46587 46639 46693 46748 46803 46860 46917 46975 47034 47093 47153 47215 47277 47341 47408 47480 47559 47644 47725 47802 ]

16	kou2
[start = 47835]
[end = 52128]
[peaknum = 27]
[49295 49374 49454 49534 49616 49701 49789 49881 49977 50077 50181 50289 50398 50508 50617 50726 50838 50947 51054 51160 51266 51374 51484 51594 51704 51816 51931 ]

17	SIL
[start = 52128]
[end = 52608]

18	gei3
[start = 52608]
[end = 55240]
[peaknum = 29]
[53121 53207 53293 53379 53465 53551 53636 53721 53804 53885 53964 54041 54116 54189 54261 54332 54403 54472 54541 54609 54676 54744 54811 54879 54946 55014 55082 55150 55219 ]

19	wo2
[start = 55240]
[end = 57552]
[peaknum = 36]
[55287 55355 55422 55489 55555 55621 55687 55753 55819 55884 55948 56012 56076 56139 56202 56264 56327 56389 56452 56514 56577 56639 56701 56763 56825 56886 56947 57008 57068 57129 57189 57248 57309 57369 57429 57491 ]

20	SIL
[start = 57552]
[end = 58320]

21	qi3
[start = 58320]
[end = 61710]
[peaknum = 10]
[60533 60614 60700 60789 60881 60976 61076 61180 61289 61403 ]

22	ming2
[start = 61710]
[end = 67296]
[peaknum = 50]
[62132 62235 62355 62476 62596 62715 62830 62947 63063 63182 63301 63420 63538 63657 63774 63890 64007 64123 64240 64357 64474 64590 64706 64820 64933 65045 65154 65262 65366 65468 65567 65663 65757 65849 65941 66031 66120 66207 66292 66375 66457 66537 66616 66693 66770 66845 66918 66992 67066 67142 ]

23	SIL
[start = 67296]
[end = 67520]

24	jiao4
[start = 67520]
[end = 71600]
[peaknum = 45]
[68337 68391 68445 68500 68555 68612 68669 68727 68786 68846 68906 68968 69031 69094 69158 69223 69289 69355 69422 69489 69558 69627 69696 69767 69838 69911 69987 70064 70143 70223 70304 70387 70471 70557 70644 70732 70821 70910 71000 71090 71180 71270 71361 71453 71545 ]

25	miao3
[start = 71600]
[end = 77136]
[peaknum = 38]
[71640 71735 71829 71923 72015 72107 72199 72290 72380 72469 72557 72644 72730 72816 72901 72986 73071 73157 73242 73328 73414 73500 73587 73675 73763 73852 73942 74034 74128 74227 74329 74434 74544 74657 74772 74890 75013 75141 ]

26	er2
[start = 77136]
[end = 82208]
[peaknum = 47]
[77443 77571 77699 77825 77952 78080 78204 78331 78458 78585 78710 78825 78938 79056 79182 79308 79434 79559 79684 79807 79928 80048 80165 80277 80387 80493 80596 80696 80793 80887 80978 81067 81154 81239 81321 81401 81478 81553 81626 81698 81769 81839 81909 81981 82052 82124 82195 ]

27	SIL
[start = 82208]
[end = 84120]

