[SampleRate = 16000]
[ElementNum = 32]
1	SIL
[start = 0]
[end = 2304]

2	yong4
[start = 2304]
[end = 7354]
[peaknum = 79]
[2445 2501 2559 2617 2676 2735 2794 2853 2910 2966 3021 3076 3131 3185 3239 3294 3348 3403 3458 3513 3569 3624 3680 3737 3793 3849 3906 3963 4021 4078 4136 4195 4253 4312 4371 4431 4491 4551 4612 4672 4734 4795 4857 4920 4983 5046 5110 5174 5239 5304 5370 5437 5504 5571 5638 5706 5775 5843 5912 5981 6050 6119 6188 6257 6326 6395 6464 6533 6602 6671 6739 6807 6875 6943 7011 7079 7147 7216 7287 ]

3	xiong1
[start = 7354]
[end = 12830]
[peaknum = 53]
[9756 9804 9852 9900 9949 9999 10049 10099 10150 10201 10253 10304 10355 10407 10459 10511 10563 10615 10667 10719 10772 10824 10877 10929 10982 11034 11086 11139 11191 11243 11295 11347 11399 11450 11502 11554 11605 11657 11709 11761 11813 11865 11917 11968 12020 12072 12124 12176 12228 12280 12332 12384 12436 ]

4	zhong1
[start = 12830]
[end = 18566]
[peaknum = 96]
[13629 13677 13724 13773 13822 13872 13923 13973 14024 14074 14125 14175 14226 14277 14327 14378 14429 14481 14532 14583 14635 14687 14738 14790 14841 14893 14945 14996 15048 15099 15151 15203 15254 15306 15357 15408 15460 15511 15563 15614 15666 15717 15769 15821 15872 15924 15976 16028 16080 16132 16184 16236 16288 16341 16393 16445 16497 16549 16601 16653 16705 16757 16809 16861 16913 16965 17017 17069 17121 17173 17225 17276 17328 17379 17431 17482 17534 17585 17636 17687 17738 17789 17840 17891 17942 17993 18043 18094 18144 18195 18245 18296 18347 18398 18451 18504 ]

5	SIL
[start = 18566]
[end = 19696]

6	zhuo2
[start = 19696]
[end = 23901]
[peaknum = 40]
[20705 20781 20857 20935 21014 21096 21181 21267 21356 21446 21538 21631 21727 21822 21919 22015 22111 22207 22302 22396 22488 22578 22667 22754 22839 22923 23004 23082 23158 23231 23302 23371 23439 23504 23568 23630 23691 23753 23815 23876 ]

7	re4
[start = 23901]
[end = 27487]
[peaknum = 42]
[24965 25012 25058 25105 25152 25199 25246 25294 25342 25389 25437 25485 25534 25582 25631 25681 25731 25781 25833 25884 25937 25990 26045 26100 26156 26213 26271 26330 26390 26450 26512 26574 26637 26702 26768 26835 26904 26974 27049 27130 27213 27297 ]

8	de5
[start = 27487]
[end = 30007]
[peaknum = 25]
[27877 27960 28046 28134 28224 28316 28407 28500 28592 28684 28777 28869 28960 29051 29143 29234 29323 29409 29494 29579 29663 29748 29832 29916 30000 ]

9	xian1
[start = 30007]
[end = 35342]
[peaknum = 57]
[32483 32535 32586 32637 32689 32741 32794 32846 32899 32951 33003 33056 33108 33160 33212 33264 33316 33368 33419 33471 33522 33573 33624 33675 33726 33777 33828 33878 33929 33979 34030 34080 34130 34180 34230 34280 34330 34380 34429 34479 34529 34578 34628 34678 34727 34777 34826 34876 34926 34976 35026 35077 35128 35179 35230 35281 35331 ]

10	xue4
[start = 35342]
[end = 41424]
[peaknum = 36]
[37435 37485 37535 37585 37636 37689 37742 37796 37851 37906 37963 38021 38080 38141 38203 38265 38329 38394 38459 38526 38593 38661 38731 38803 38877 38955 39036 39121 39210 39304 39403 39507 39615 39729 39848 39971 ]

11	SIL
[start = 41424]
[end = 45824]

12	chuang4
[start = 45824]
[end = 50021]
[peaknum = 41]
[47372 47421 47470 47520 47571 47622 47673 47725 47778 47831 47884 47939 47994 48049 48106 48163 48222 48282 48343 48405 48468 48532 48598 48665 48733 48803 48874 48947 49022 49099 49175 49252 49328 49404 49480 49557 49633 49710 49786 49862 49941 ]

13	zao4
[start = 50021]
[end = 53024]
[peaknum = 26]
[50617 50678 50743 50812 50882 50947 51019 51090 51162 51235 51310 51385 51462 51540 51621 51702 51784 51870 51955 52042 52128 52230 52316 52417 52518 52611 ]

14	SIL
[start = 53024]
[end = 53302]

15	chu1
[start = 53302]
[end = 58604]
[peaknum = 48]
[55209 55274 55340 55406 55473 55540 55608 55677 55745 55814 55882 55951 56020 56089 56158 56227 56296 56365 56434 56503 56573 56642 56711 56779 56848 56917 56985 57054 57122 57190 57258 57326 57394 57461 57529 57597 57665 57732 57799 57867 57935 58004 58075 58148 58225 58308 58395 58485 ]

16	SIL
[start = 58604]
[end = 58930]

17	yong3
[start = 58930]
[end = 64080]
[peaknum = 43]
[59425 59505 59583 59660 59736 59814 59892 59971 60051 60132 60215 60298 60380 60462 60542 60622 60703 60786 60872 60960 61048 61139 61232 61328 61427 61530 61640 61755 61869 61984 62100 62218 62337 62459 62583 62709 62835 62961 63085 63205 63325 63443 63562 ]

18	SIL
[start = 64080]
[end = 64736]

19	bu4
[start = 64736]
[end = 66800]
[peaknum = 20]
[65116 65196 65275 65354 65434 65514 65596 65678 65762 65847 65933 66020 66109 66200 66291 66384 66478 66575 66676 66774 ]

20	SIL
[start = 66800]
[end = 67472]

21	diao1
[start = 67472]
[end = 70980]
[peaknum = 58]
[67888 67947 68007 68065 68123 68181 68238 68295 68351 68407 68463 68518 68573 68627 68682 68736 68791 68845 68899 68953 69007 69060 69114 69168 69222 69275 69329 69383 69436 69490 69543 69597 69651 69704 69758 69811 69864 69918 69971 70024 70076 70129 70181 70233 70285 70337 70389 70441 70493 70544 70595 70647 70698 70750 70802 70854 70906 70958 ]

22	xie4
[start = 70980]
[end = 75008]
[peaknum = 27]
[73160 73213 73266 73320 73375 73432 73490 73549 73609 73671 73734 73797 73862 73927 73994 74062 74132 74205 74280 74358 74438 74519 74603 74689 74777 74869 74969 ]

23	SIL
[start = 75008]
[end = 75280]

24	de5
[start = 75280]
[end = 77629]
[peaknum = 19]
[75680 75781 75883 75987 76094 76203 76313 76421 76529 76635 76740 76845 76951 77057 77161 77262 77363 77464 77565 ]

25	shi1
[start = 77629]
[end = 82400]
[peaknum = 28]
[80849 80905 80962 81018 81075 81132 81189 81245 81302 81358 81415 81471 81527 81584 81640 81696 81752 81809 81865 81921 81977 82033 82089 82145 82201 82258 82314 82371 ]

26	SIL
[start = 82400]
[end = 83520]

27	ge1
[start = 83520]
[end = 87472]
[peaknum = 67]
[83856 83910 83964 84018 84072 84126 84180 84235 84290 84345 84400 84455 84510 84565 84620 84675 84731 84786 84842 84898 84954 85010 85065 85121 85176 85232 85287 85342 85397 85452 85507 85561 85616 85670 85725 85779 85833 85888 85942 85996 86049 86103 86157 86210 86264 86317 86370 86424 86477 86530 86583 86636 86689 86742 86795 86848 86900 86953 87006 87059 87111 87164 87218 87273 87328 87384 87440 ]

28	he5
[start = 87472]
[end = 91156]
[peaknum = 13]
[89763 89864 89968 90072 90175 90277 90380 90482 90584 90684 90782 90876 90966 ]

29	hua1
[start = 91156]
[end = 95871]
[peaknum = 54]
[92795 92853 92911 92968 93026 93084 93142 93200 93258 93315 93373 93430 93487 93544 93601 93658 93715 93772 93830 93887 93944 94002 94059 94116 94174 94231 94287 94344 94399 94455 94510 94565 94620 94675 94730 94785 94839 94894 94949 95003 95057 95112 95167 95222 95277 95332 95387 95443 95498 95554 95610 95669 95731 95796 ]

30	SIL
[start = 95871]
[end = 96560]

31	duo3
[start = 96560]
[end = 100552]
[peaknum = 19]
[96865 96943 97023 97105 97189 97278 97370 97466 97568 97674 97785 97902 98022 98129 98227 98327 98435 98553 98673 ]

32	SIL
[start = 100552]
[end = 103030]

