[SampleRate = 16000]
[ElementNum = 28]
1	SIL
[start = 0]
[end = 1686]

2	xun2
[start = 1686]
[end = 6304]
[peaknum = 49]
[3579 3640 3701 3761 3821 3882 3945 4010 4075 4141 4207 4272 4336 4401 4464 4527 4590 4652 4713 4773 4833 4892 4950 5008 5065 5121 5176 5231 5285 5338 5390 5442 5493 5543 5593 5642 5690 5739 5787 5834 5881 5929 5975 6022 6069 6116 6163 6211 6259 ]

3	jing3
[start = 6304]
[end = 10400]
[peaknum = 35]
[7234 7289 7344 7401 7459 7519 7580 7643 7707 7774 7843 7915 7988 8065 8145 8227 8312 8399 8489 8583 8679 8778 8879 8983 9091 9206 9325 9447 9564 9677 9787 9895 10000 10103 10203 ]

4	cheng2
[start = 10400]
[end = 15168]
[peaknum = 32]
[12536 12607 12679 12752 12827 12905 12986 13070 13156 13244 13333 13423 13513 13603 13694 13785 13876 13967 14058 14150 14242 14334 14425 14515 14603 14690 14775 14857 14938 15017 15092 15166 ]

5	nuo4
[start = 15168]
[end = 20512]
[peaknum = 54]
[15237 15306 15373 15439 15503 15566 15628 15689 15750 15809 15868 15926 15984 16041 16097 16153 16208 16262 16316 16370 16424 16478 16533 16587 16642 16697 16752 16808 16865 16923 16981 17040 17099 17160 17222 17286 17350 17417 17485 17555 17627 17702 17779 17858 17939 18023 18110 18199 18292 18390 18490 18592 18693 18798 ]

6	SIL
[start = 20512]
[end = 23200]

7	du4
[start = 23200]
[end = 26307]
[peaknum = 57]
[23419 23458 23497 23537 23577 23618 23659 23700 23741 23783 23824 23866 23907 23949 23991 24033 24075 24117 24160 24202 24245 24288 24331 24375 24418 24462 24507 24551 24596 24642 24687 24734 24780 24827 24875 24923 24971 25020 25070 25120 25173 25226 25281 25338 25395 25454 25514 25576 25639 25703 25769 25836 25906 25980 26061 26142 26221 ]

8	SIL
[start = 26307]
[end = 26707]

9	jue2
[start = 26707]
[end = 32203]
[peaknum = 48]
[28073 28155 28241 28329 28418 28508 28599 28693 28788 28882 28977 29072 29168 29264 29360 29455 29549 29643 29734 29825 29917 30009 30102 30197 30293 30389 30485 30581 30676 30770 30864 30956 31046 31135 31223 31314 31401 31483 31561 31638 31712 31783 31853 31921 31987 32052 32116 32179 ]

10	luan4
[start = 32203]
[end = 36722]
[peaknum = 70]
[32241 32301 32361 32420 32477 32533 32587 32639 32691 32743 32793 32844 32894 32944 32993 33043 33091 33140 33188 33236 33284 33332 33379 33427 33474 33521 33568 33615 33663 33710 33758 33806 33855 33903 33953 34002 34052 34103 34154 34205 34257 34309 34363 34417 34471 34527 34583 34641 34699 34759 34821 34885 34952 35020 35091 35164 35240 35319 35401 35488 35578 35672 35765 35858 35951 36045 36141 36238 36336 36434 ]

11	jie2
[start = 36722]
[end = 39906]
[peaknum = 22]
[37795 37891 37992 38098 38203 38308 38411 38514 38615 38716 38816 38915 39013 39110 39206 39300 39393 39484 39572 39658 39742 39824 ]

12	SIL
[start = 39906]
[end = 40062]

13	che1
[start = 40062]
[end = 45972]
[peaknum = 58]
[42117 42177 42237 42299 42361 42425 42488 42551 42615 42678 42741 42804 42867 42930 42993 43056 43120 43184 43248 43312 43377 43442 43508 43573 43638 43703 43768 43832 43897 43962 44026 44090 44155 44219 44284 44348 44412 44476 44540 44604 44668 44731 44795 44858 44921 44983 45046 45108 45170 45233 45295 45357 45420 45484 45548 45614 45681 45750 ]

14	SIL
[start = 45972]
[end = 47464]

15	luan4
[start = 47464]
[end = 52273]
[peaknum = 79]
[47586 47641 47696 47752 47808 47864 47920 47975 48029 48083 48136 48188 48240 48291 48342 48392 48441 48490 48539 48587 48635 48681 48727 48773 48818 48863 48908 48953 48998 49043 49088 49133 49179 49224 49270 49316 49363 49410 49457 49505 49553 49601 49650 49700 49750 49801 49853 49905 49959 50014 50070 50128 50187 50248 50310 50375 50441 50510 50581 50655 50731 50808 50887 50969 51052 51137 51223 51308 51393 51476 51559 51643 51726 51810 51894 51978 52063 52147 52230 ]

16	SIL
[start = 52273]
[end = 52442]

17	fa2
[start = 52442]
[end = 56192]
[peaknum = 28]
[53692 53784 53878 53977 54081 54188 54296 54406 54517 54632 54748 54862 54973 55079 55179 55271 55359 55443 55524 55600 55673 55743 55812 55878 55944 56009 56074 56139 ]

18	SIL
[start = 56192]
[end = 56926]

19	kuan3
[start = 56926]
[end = 62124]
[peaknum = 19]
[58635 58704 58775 58848 58922 59000 59081 59167 59260 59360 59467 59580 59699 59822 59944 60064 60181 60289 60403 ]

20	SIL
[start = 62124]
[end = 64083]

21	luan4
[start = 64083]
[end = 68530]
[peaknum = 75]
[64234 64293 64353 64415 64478 64540 64600 64659 64718 64776 64834 64892 64948 65002 65054 65105 65155 65205 65254 65303 65352 65400 65448 65497 65545 65593 65640 65688 65736 65783 65831 65879 65927 65975 66024 66073 66122 66171 66221 66272 66322 66374 66425 66478 66531 66584 66639 66693 66749 66805 66862 66921 66980 67040 67101 67163 67227 67292 67357 67424 67493 67562 67631 67702 67772 67843 67913 67983 68053 68122 68192 68262 68334 68407 68482 ]

22	kou4
[start = 68530]
[end = 72080]
[peaknum = 36]
[70113 70163 70213 70263 70312 70362 70411 70461 70511 70561 70611 70662 70713 70764 70816 70868 70921 70974 71028 71083 71138 71193 71249 71306 71363 71421 71480 71539 71598 71658 71718 71779 71839 71900 71961 72021 ]

23	SIL
[start = 72080]
[end = 72848]

24	zheng4
[start = 72848]
[end = 75904]
[peaknum = 45]
[73343 73391 73437 73484 73531 73577 73623 73670 73717 73764 73811 73858 73906 73954 74001 74050 74098 74147 74197 74247 74298 74349 74401 74454 74508 74562 74617 74673 74731 74788 74847 74907 74967 75029 75093 75159 75226 75296 75369 75444 75522 75602 75685 75772 75862 ]

25	de5
[start = 75904]
[end = 77778]
[peaknum = 18]
[75955 76049 76145 76247 76354 76465 76578 76692 76805 76916 77025 77133 77239 77344 77449 77553 77655 77753 ]

26	xing2
[start = 77778]
[end = 82584]
[peaknum = 26]
[80251 80346 80444 80544 80645 80748 80851 80956 81060 81164 81267 81370 81471 81571 81669 81764 81856 81945 82030 82114 82195 82275 82353 82430 82505 82581 ]

27	wei2
[start = 82584]
[end = 86528]
[peaknum = 30]
[82655 82730 82804 82879 82954 83030 83107 83185 83266 83350 83438 83531 83628 83730 83840 83954 84073 84194 84315 84434 84553 84673 84792 84911 85029 85146 85256 85358 85454 85549 ]

28	SIL
[start = 86528]
[end = 88684]

