[SampleRate = 16000]
[ElementNum = 27]
1	SIL
[start = 0]
[end = 1967]

2	xi1
[start = 1967]
[end = 5816]
[peaknum = 38]
[4129 4172 4216 4259 4303 4347 4392 4436 4481 4525 4569 4613 4657 4701 4744 4788 4831 4874 4918 4961 5004 5048 5091 5135 5178 5222 5266 5310 5355 5400 5445 5492 5538 5585 5632 5679 5726 5773 ]

3	wang4
[start = 5816]
[end = 9584]
[peaknum = 67]
[5821 5868 5916 5964 6012 6059 6105 6151 6196 6240 6283 6325 6368 6412 6457 6501 6547 6592 6638 6685 6731 6778 6825 6872 6920 6968 7016 7065 7114 7163 7212 7262 7312 7363 7414 7466 7518 7571 7625 7679 7735 7791 7848 7906 7965 8025 8086 8148 8212 8277 8343 8410 8478 8547 8617 8689 8761 8836 8911 8988 9067 9146 9227 9309 9391 9476 9561 ]

4	neng2
[start = 9584]
[end = 14008]
[peaknum = 53]
[9648 9735 9822 9908 9993 10079 10165 10251 10337 10424 10511 10598 10686 10774 10862 10951 11039 11127 11216 11308 11401 11495 11590 11684 11779 11875 11970 12065 12160 12255 12348 12441 12532 12622 12711 12797 12880 12962 13041 13117 13191 13263 13333 13401 13467 13532 13597 13660 13724 13787 13852 13922 13997 ]

5	gou4
[start = 14008]
[end = 16553]
[peaknum = 43]
[14069 14136 14201 14266 14329 14387 14440 14491 14543 14595 14648 14702 14755 14809 14863 14917 14971 15025 15080 15135 15191 15247 15303 15360 15417 15474 15532 15590 15650 15709 15769 15830 15891 15953 16015 16077 16140 16203 16266 16328 16391 16454 16517 ]

6	rang4
[start = 16553]
[end = 20306]
[peaknum = 55]
[16580 16644 16707 16771 16834 16898 16961 17023 17085 17146 17206 17266 17325 17383 17441 17498 17556 17614 17672 17731 17790 17849 17909 17969 18030 18090 18151 18212 18273 18335 18397 18460 18524 18589 18655 18722 18790 18859 18931 19004 19078 19154 19232 19311 19391 19472 19556 19641 19728 19817 19907 19999 20093 20187 20283 ]

7	ren2
[start = 20306]
[end = 23150]
[peaknum = 26]
[20380 20478 20577 20677 20778 20881 20985 21091 21198 21306 21417 21531 21646 21763 21881 21996 22110 22222 22334 22445 22557 22671 22779 22886 22992 23096 ]

8	men5
[start = 23150]
[end = 28368]
[peaknum = 57]
[23197 23296 23393 23488 23580 23670 23759 23846 23932 24017 24101 24185 24268 24350 24430 24508 24585 24663 24743 24824 24905 24988 25071 25155 25240 25327 25414 25502 25592 25683 25776 25871 25966 26064 26162 26263 26365 26468 26573 26677 26782 26886 26989 27092 27193 27294 27394 27494 27593 27690 27787 27881 27974 28065 28154 28241 28328 ]

9	sui2
[start = 28368]
[end = 33568]
[peaknum = 42]
[30744 30830 30919 31008 31099 31191 31282 31373 31464 31553 31641 31728 31812 31893 31971 32044 32114 32183 32250 32316 32380 32443 32505 32565 32624 32683 32741 32798 32854 32910 32965 33020 33075 33128 33181 33235 33289 33343 33398 33452 33507 33562 ]

10	shi2
[start = 33568]
[end = 37792]
[peaknum = 25]
[35872 35946 36023 36104 36187 36272 36357 36441 36526 36610 36694 36778 36862 36944 37026 37107 37186 37262 37336 37408 37479 37549 37619 37687 37756 ]

11	sui2
[start = 37792]
[end = 43280]
[peaknum = 33]
[40301 40375 40453 40536 40623 40712 40804 40897 40993 41092 41194 41296 41400 41503 41606 41710 41813 41916 42018 42120 42221 42321 42419 42513 42605 42693 42777 42858 42935 43011 43085 43160 43238 ]

12	SIL
[start = 43280]
[end = 43952]

13	di4
[start = 43952]
[end = 48568]
[peaknum = 57]
[44312 44359 44406 44453 44500 44548 44596 44643 44691 44738 44786 44833 44881 44929 44976 45024 45072 45121 45169 45218 45267 45317 45367 45417 45468 45520 45572 45625 45678 45732 45788 45844 45901 45960 46020 46081 46143 46207 46272 46339 46407 46476 46548 46622 46699 46778 46859 46942 47028 47116 47208 47303 47402 47504 47605 47701 47784 ]

14	SIL
[start = 48568]
[end = 49091]

15	xiang3
[start = 49091]
[end = 54032]
[peaknum = 26]
[51661 51733 51807 51884 51965 52049 52136 52226 52317 52411 52506 52604 52703 52803 52905 53007 53109 53211 53312 53414 53514 53612 53708 53801 53892 53980 ]

16	yao4
[start = 54032]
[end = 57753]
[peaknum = 47]
[54067 54151 54234 54316 54396 54475 54552 54627 54700 54772 54842 54912 54981 55051 55120 55189 55258 55327 55396 55466 55537 55608 55680 55753 55827 55902 55978 56055 56133 56213 56293 56375 56457 56540 56623 56707 56791 56876 56962 57047 57134 57221 57308 57397 57488 57583 57681 ]

17	you3
[start = 57753]
[end = 61367]
[peaknum = 33]
[57781 57882 57983 58079 58171 58263 58356 58449 58545 58643 58744 58848 58956 59066 59179 59295 59411 59527 59641 59757 59873 59989 60106 60224 60342 60460 60578 60696 60812 60927 61043 61163 61285 ]

18	liang2
[start = 61367]
[end = 65632]
[peaknum = 45]
[61406 61521 61626 61724 61827 61931 62037 62143 62250 62359 62469 62580 62692 62807 62923 63040 63158 63275 63391 63506 63619 63730 63838 63943 64044 64141 64234 64324 64410 64492 64572 64650 64725 64798 64869 64939 65007 65073 65139 65205 65270 65335 65401 65467 65533 ]

19	feng1
[start = 65632]
[end = 70048]
[peaknum = 57]
[67166 67215 67263 67312 67361 67411 67461 67511 67561 67612 67662 67712 67763 67813 67864 67916 67967 68019 68071 68123 68175 68227 68280 68332 68385 68437 68490 68542 68594 68646 68698 68749 68801 68852 68904 68955 69006 69057 69108 69159 69210 69261 69312 69363 69414 69465 69516 69567 69618 69669 69720 69770 69821 69872 69923 69975 70027 ]

20	chui1
[start = 70048]
[end = 75129]
[peaknum = 62]
[72320 72366 72411 72456 72501 72545 72589 72633 72678 72723 72768 72814 72859 72904 72948 72993 73038 73083 73128 73173 73217 73262 73307 73352 73397 73442 73487 73532 73577 73622 73667 73712 73757 73802 73847 73892 73936 73981 74026 74071 74116 74161 74206 74250 74295 74341 74386 74432 74477 74524 74570 74617 74665 74714 74763 74813 74863 74913 74963 75013 75063 75113 ]

21	lai2
[start = 75129]
[end = 79556]
[peaknum = 39]
[75164 75217 75270 75324 75378 75434 75490 75549 75608 75671 75737 75806 75878 75954 76033 76116 76202 76290 76382 76478 76577 76680 76785 76893 77003 77116 77231 77349 77468 77588 77708 77828 77947 78065 78183 78302 78421 78542 78665 ]

22	SIL
[start = 79556]
[end = 82272]

23	jiu4
[start = 82272]
[end = 86581]
[peaknum = 50]
[83341 83390 83439 83487 83536 83585 83633 83681 83729 83776 83824 83872 83920 83969 84018 84067 84117 84167 84218 84269 84322 84375 84429 84484 84540 84598 84657 84717 84778 84841 84905 84970 85036 85104 85173 85245 85319 85396 85477 85561 85647 85736 85826 85919 86015 86116 86221 86329 86440 86553 ]

24	neng2
[start = 86581]
[end = 89212]
[peaknum = 25]
[86667 86784 86902 87020 87139 87258 87378 87497 87614 87729 87841 87949 88055 88158 88259 88357 88452 88545 88637 88728 88818 88909 89000 89093 89188 ]

25	ru2
[start = 89212]
[end = 92377]
[peaknum = 10]
[90019 90118 90231 90339 90466 90598 90731 90867 90995 91117 ]

26	yuan4
[start = 92377]
[end = 97074]
[peaknum = 28]
[92427 92526 92623 92718 92811 92903 92993 93081 93168 93253 93337 93421 93504 93586 93669 93753 93837 93922 94008 94095 94184 94276 94370 94467 94569 94676 94789 94907 ]

27	SIL
[start = 97074]
[end = 99770]

