[SampleRate = 16000]
[ElementNum = 30]
1	SIL
[start = 0]
[end = 3536]

2	di2
[start = 3536]
[end = 6118]
[peaknum = 35]
[3665 3730 3796 3865 3936 4008 4080 4153 4225 4299 4372 4445 4519 4593 4666 4740 4814 4888 4961 5034 5106 5177 5246 5314 5380 5445 5509 5572 5634 5696 5757 5819 5882 5947 6012 ]

3	SIL
[start = 6118]
[end = 6800]

4	gong1
[start = 6800]
[end = 10752]
[peaknum = 76]
[7190 7235 7280 7325 7371 7418 7464 7511 7558 7604 7651 7697 7744 7790 7837 7883 7930 7976 8022 8069 8115 8162 8208 8255 8301 8348 8394 8441 8487 8533 8580 8626 8672 8719 8766 8812 8859 8906 8952 8999 9046 9092 9139 9185 9232 9278 9324 9370 9417 9463 9509 9555 9601 9646 9692 9738 9783 9829 9875 9920 9966 10011 10057 10102 10147 10192 10237 10283 10328 10373 10419 10466 10513 10560 10607 10655 ]

5	SIL
[start = 10752]
[end = 11040]

6	cong2
[start = 11040]
[end = 16800]
[peaknum = 50]
[12839 12902 12968 13037 13108 13182 13259 13339 13420 13504 13589 13675 13762 13849 13936 14022 14109 14195 14281 14367 14453 14538 14624 14710 14795 14880 14964 15049 15132 15215 15298 15380 15461 15542 15621 15700 15778 15854 15929 16003 16077 16149 16222 16293 16365 16437 16509 16584 16661 16742 ]

7	zhuo1
[start = 16800]
[end = 20110]
[peaknum = 48]
[17740 17791 17840 17891 17942 17994 18046 18098 18150 18203 18255 18306 18358 18410 18462 18513 18565 18616 18667 18718 18769 18820 18870 18920 18970 19020 19069 19119 19168 19217 19267 19316 19365 19414 19463 19512 19560 19609 19658 19706 19755 19804 19853 19902 19952 20003 20055 20106 ]

8	shang4
[start = 20110]
[end = 24368]
[peaknum = 38]
[21439 21490 21541 21594 21648 21703 21760 21819 21880 21944 22010 22078 22147 22218 22290 22364 22440 22516 22594 22673 22753 22835 22918 23003 23089 23177 23267 23359 23454 23551 23649 23746 23844 23941 24037 24132 24229 24323 ]

9	na2
[start = 24368]
[end = 28160]
[peaknum = 43]
[24415 24506 24598 24689 24781 24874 24965 25057 25149 25240 25332 25425 25517 25610 25701 25796 25893 25992 26091 26191 26292 26393 26495 26596 26696 26796 26893 26988 27080 27170 27257 27341 27422 27500 27576 27650 27721 27789 27857 27922 27988 28054 28120 ]

10	qi3
[start = 28160]
[end = 32978]
[peaknum = 29]
[30378 30444 30511 30582 30659 30738 30820 30904 30990 31078 31167 31259 31354 31453 31554 31658 31763 31867 31969 32071 32172 32273 32373 32472 32571 32666 32757 32847 32934 ]

11	song4
[start = 32978]
[end = 38328]
[peaknum = 55]
[35497 35540 35582 35624 35667 35710 35754 35797 35841 35885 35928 35972 36016 36060 36103 36147 36191 36235 36280 36324 36369 36414 36460 36506 36552 36599 36646 36693 36741 36790 36839 36888 36938 36989 37041 37094 37147 37202 37258 37315 37373 37432 37492 37553 37615 37677 37741 37805 37871 37938 38006 38075 38146 38221 38304 ]

12	xiu4
[start = 38328]
[end = 42020]
[peaknum = 26]
[40031 40093 40156 40219 40284 40351 40418 40487 40558 40631 40705 40780 40857 40936 41016 41097 41179 41263 41348 41433 41519 41607 41695 41783 41872 41962 ]

13	cai5
[start = 42020]
[end = 46536]
[peaknum = 24]
[44322 44407 44493 44579 44667 44755 44844 44933 45024 45116 45209 45302 45396 45491 45587 45684 45781 45879 45978 46077 46176 46276 46376 46476 ]

14	na4
[start = 46536]
[end = 50518]
[peaknum = 58]
[46573 46665 46755 46842 46927 47010 47090 47168 47243 47317 47388 47458 47526 47593 47658 47722 47786 47848 47910 47970 48028 48085 48142 48199 48256 48313 48369 48426 48483 48541 48598 48656 48714 48772 48831 48890 48950 49011 49072 49134 49197 49260 49325 49390 49457 49525 49594 49664 49736 49808 49882 49956 50030 50105 50182 50264 50349 50435 ]

15	ce4
[start = 50518]
[end = 56690]
[peaknum = 49]
[52660 52719 52778 52840 52904 52969 53035 53102 53169 53238 53308 53379 53450 53523 53597 53671 53747 53823 53899 53977 54054 54133 54211 54291 54371 54451 54532 54614 54696 54778 54861 54944 55028 55112 55196 55280 55365 55450 55535 55621 55705 55789 55872 55955 56037 56120 56205 56290 56375 ]

16	SIL
[start = 56690]
[end = 56888]

17	yu4
[start = 56888]
[end = 60517]
[peaknum = 34]
[58400 58448 58496 58545 58593 58642 58691 58740 58790 58839 58888 58938 58988 59038 59088 59139 59190 59241 59293 59346 59399 59454 59509 59565 59623 59681 59740 59801 59863 59927 59995 60068 60145 60224 ]

18	SIL
[start = 60517]
[end = 61184]

19	di2
[start = 61184]
[end = 63968]
[peaknum = 38]
[61654 61734 61813 61891 61970 62048 62126 62203 62278 62353 62426 62498 62568 62637 62704 62770 62835 62898 62960 63020 63080 63138 63195 63251 63306 63360 63413 63465 63516 63567 63617 63666 63715 63763 63810 63858 63905 63951 ]

20	SIL
[start = 63968]
[end = 65248]

21	pu3
[start = 65248]
[end = 69670]
[peaknum = 22]
[66916 66993 67073 67156 67242 67332 67424 67519 67615 67712 67810 67908 68014 68130 68250 68372 68495 68618 68741 68863 68987 69091 ]

22	SIL
[start = 69670]
[end = 73728]

23	qing1
[start = 73728]
[end = 77834]
[peaknum = 46]
[75215 75268 75322 75377 75432 75487 75543 75599 75655 75711 75768 75825 75882 75939 75996 76054 76111 76169 76227 76285 76343 76402 76461 76519 76578 76636 76694 76752 76810 76868 76926 76983 77040 77097 77154 77211 77268 77324 77381 77437 77493 77549 77605 77662 77721 77782 ]

24	qing1
[start = 77834]
[end = 82544]
[peaknum = 50]
[79665 79719 79773 79827 79881 79936 79992 80049 80107 80165 80223 80282 80342 80401 80461 80521 80581 80642 80702 80763 80823 80884 80944 81004 81064 81124 81184 81244 81304 81364 81423 81483 81542 81601 81660 81719 81777 81836 81894 81951 82009 82066 82124 82181 82238 82294 82351 82407 82462 82518 ]

25	na4
[start = 82544]
[end = 85936]
[peaknum = 43]
[82574 82629 82685 82741 82796 82852 82908 82964 83019 83074 83129 83185 83241 83298 83356 83415 83475 83535 83597 83661 83726 83793 83861 83931 84003 84076 84153 84234 84321 84413 84509 84608 84712 84819 84928 85039 85152 85264 85375 85486 85595 85702 85804 ]

26	SIL
[start = 85936]
[end = 86097]

27	ru4
[start = 86097]
[end = 88496]
[peaknum = 17]
[86709 86793 86879 86969 87064 87161 87262 87366 87475 87588 87703 87820 87940 88063 88188 88315 88443 ]

28	yi1
[start = 88496]
[end = 91747]
[peaknum = 32]
[89183 89274 89362 89450 89539 89628 89718 89806 89892 89975 90057 90138 90218 90298 90377 90455 90534 90613 90692 90770 90849 90926 91003 91080 91157 91233 91309 91385 91460 91536 91611 91687 ]

29	xiu4
[start = 91747]
[end = 97398]
[peaknum = 24]
[94263 94328 94394 94462 94531 94601 94671 94742 94814 94889 94966 95046 95129 95213 95299 95388 95482 95580 95683 95794 95911 96034 96156 96266 ]

30	SIL
[start = 97398]
[end = 101074]

