[SampleRate = 16000]
[ElementNum = 31]
1	SIL
[start = 0]
[end = 3072]

2	na4
[start = 3072]
[end = 5792]
[peaknum = 54]
[3241 3287 3333 3379 3425 3471 3516 3561 3605 3649 3693 3738 3782 3826 3870 3914 3958 4003 4047 4092 4136 4181 4226 4270 4315 4360 4405 4450 4495 4540 4586 4632 4678 4724 4771 4818 4865 4913 4961 5009 5059 5108 5158 5209 5260 5312 5364 5417 5470 5523 5577 5632 5691 5751 ]

3	SIL
[start = 5792]
[end = 6208]

4	jiu4
[start = 6208]
[end = 8800]
[peaknum = 37]
[6785 6834 6884 6934 6985 7036 7087 7138 7188 7239 7290 7340 7391 7441 7493 7544 7596 7648 7701 7754 7808 7862 7916 7972 8027 8084 8140 8198 8256 8315 8375 8435 8496 8558 8622 8686 8751 ]

5	SIL
[start = 8800]
[end = 9488]

6	ke3
[start = 9488]
[end = 14024]
[peaknum = 29]
[11243 11312 11382 11454 11528 11607 11690 11776 11866 11959 12055 12155 12257 12361 12467 12571 12676 12786 12893 12997 13102 13205 13305 13403 13502 13602 13705 13812 13924 ]

7	SIL
[start = 14024]
[end = 14467]

8	zuo4
[start = 14467]
[end = 17586]
[peaknum = 31]
[15391 15455 15518 15580 15643 15705 15767 15829 15892 15955 16019 16083 16148 16214 16280 16348 16416 16485 16555 16626 16699 16773 16848 16924 17003 17084 17167 17254 17343 17433 17526 ]

9	wei2
[start = 17586]
[end = 22804]
[peaknum = 56]
[17621 17717 17811 17901 17990 18078 18168 18258 18349 18442 18537 18632 18728 18825 18924 19024 19125 19227 19332 19436 19541 19645 19749 19852 19956 20058 20160 20262 20364 20465 20565 20664 20763 20861 20959 21055 21152 21247 21342 21436 21529 21620 21709 21797 21881 21963 22044 22124 22203 22281 22358 22434 22509 22583 22655 22726 ]

10	SIL
[start = 22804]
[end = 24304]

11	zhuang4
[start = 24304]
[end = 28664]
[peaknum = 64]
[25190 25234 25279 25323 25368 25412 25457 25501 25545 25589 25633 25677 25721 25766 25810 25854 25899 25943 25988 26033 26078 26123 26169 26214 26260 26307 26353 26400 26447 26495 26543 26591 26640 26690 26740 26790 26842 26894 26947 27001 27056 27113 27170 27229 27289 27350 27412 27475 27540 27607 27674 27743 27813 27884 27956 28030 28104 28178 28254 28330 28408 28487 28569 28652 ]

12	si3
[start = 28664]
[end = 32837]
[peaknum = 21]
[30919 31004 31090 31175 31262 31350 31439 31529 31621 31715 31811 31908 32006 32105 32205 32304 32404 32503 32603 32701 32798 ]

13	xiao4
[start = 32837]
[end = 37216]
[peaknum = 42]
[35081 35134 35188 35241 35294 35348 35401 35454 35507 35560 35613 35666 35718 35770 35822 35875 35926 35978 36030 36081 36133 36184 36235 36286 36337 36388 36439 36490 36541 36592 36643 36693 36744 36795 36845 36896 36947 36998 37049 37101 37153 37206 ]

14	SIL
[start = 37216]
[end = 38192]

15	bo2
[start = 38192]
[end = 40521]
[peaknum = 24]
[38621 38695 38771 38851 38934 39019 39106 39194 39282 39371 39460 39549 39637 39723 39808 39891 39973 40053 40130 40207 40284 40357 40428 40497 ]

16	na4
[start = 40521]
[end = 43978]
[peaknum = 53]
[40564 40631 40696 40760 40822 40884 40945 41005 41064 41122 41180 41238 41294 41349 41403 41458 41512 41566 41621 41676 41732 41788 41843 41899 41956 42013 42070 42128 42186 42244 42303 42363 42423 42484 42546 42608 42671 42734 42799 42864 42929 42996 43064 43134 43205 43278 43354 43431 43510 43593 43680 43769 43859 ]

17	de5
[start = 43978]
[end = 46022]
[peaknum = 17]
[44410 44504 44601 44700 44803 44907 45013 45118 45221 45322 45418 45511 45601 45691 45780 45867 45953 ]

18	hao3
[start = 46022]
[end = 50723]
[peaknum = 17]
[48725 48816 48910 49010 49116 49227 49341 49456 49560 49688 49804 49921 50045 50170 50292 50410 50525 ]

19	han4
[start = 50723]
[end = 57968]
[peaknum = 63]
[53036 53087 53137 53187 53238 53289 53340 53391 53442 53493 53544 53595 53646 53697 53748 53799 53850 53902 53953 54005 54057 54110 54163 54216 54270 54324 54379 54435 54491 54548 54606 54665 54725 54786 54848 54913 54979 55048 55119 55192 55269 55349 55432 55519 55609 55701 55795 55891 55990 56093 56200 56310 56422 56536 56650 56770 56890 57009 57130 57246 57371 57504 57654 ]

20	SIL
[start = 57968]
[end = 60032]

21	er2
[start = 60032]
[end = 64351]
[peaknum = 42]
[60242 60311 60388 60474 60562 60650 60737 60824 60910 60997 61083 61169 61255 61341 61427 61513 61600 61687 61775 61863 61952 62040 62129 62219 62308 62397 62486 62575 62664 62753 62841 62929 63017 63105 63192 63278 63363 63448 63533 63617 63704 63794 ]

22	SIL
[start = 64351]
[end = 64608]

23	yong2
[start = 64608]
[end = 69926]
[peaknum = 70]
[65047 65133 65216 65298 65379 65461 65542 65625 65707 65790 65873 65954 66036 66117 66199 66280 66362 66445 66531 66618 66706 66794 66883 66972 67062 67152 67242 67331 67418 67503 67586 67667 67746 67823 67898 67970 68041 68110 68177 68243 68307 68370 68432 68492 68552 68611 68669 68726 68783 68838 68893 68947 69001 69054 69107 69159 69211 69262 69313 69364 69415 69465 69516 69567 69618 69670 69721 69773 69825 69877 ]

24	yuan3
[start = 69926]
[end = 74479]
[peaknum = 45]
[69930 69983 70036 70090 70144 70200 70256 70312 70369 70426 70484 70543 70602 70662 70722 70783 70845 70908 70974 71042 71112 71185 71261 71339 71420 71504 71593 71686 71783 71884 71989 72098 72209 72323 72438 72554 72672 72791 72910 73028 73146 73263 73381 73501 73621 ]

25	ming2
[start = 74479]
[end = 79517]
[peaknum = 56]
[75114 75211 75305 75395 75482 75567 75651 75734 75816 75899 75983 76067 76152 76237 76323 76409 76496 76584 76672 76761 76852 76944 77036 77129 77222 77316 77408 77500 77591 77680 77767 77852 77934 78014 78092 78168 78242 78314 78384 78453 78520 78585 78648 78710 78771 78831 78890 78947 79003 79059 79114 79168 79221 79274 79327 79380 ]

26	chui2
[start = 79517]
[end = 84397]
[peaknum = 34]
[81677 81744 81813 81887 81965 82047 82135 82227 82323 82422 82521 82618 82713 82806 82899 82991 83084 83175 83266 83354 83440 83522 83600 83676 83749 83821 83891 83961 84030 84098 84166 84233 84300 84367 ]

27	shi3
[start = 84397]
[end = 88112]
[peaknum = 7]
[87388 87479 87577 87684 87799 87928 88035 ]

28	SIL
[start = 88112]
[end = 89098]

29	ce4
[start = 89098]
[end = 93609]
[peaknum = 38]
[91231 91283 91334 91385 91435 91486 91537 91589 91641 91693 91746 91800 91853 91907 91961 92016 92071 92127 92183 92241 92298 92357 92416 92476 92537 92600 92664 92730 92799 92870 92944 93022 93103 93190 93282 93379 93481 93589 ]

30	la5
[start = 93609]
[end = 96633]
[peaknum = 11]
[93700 93812 93927 94044 94162 94281 94400 94516 94634 94758 94884 ]

31	SIL
[start = 96633]
[end = 97814]

