[SampleRate = 16000]
[ElementNum = 32]
1	SIL
[start = 0]
[end = 2704]

2	kan4
[start = 2704]
[end = 5601]
[peaknum = 40]
[3531 3580 3628 3675 3721 3767 3813 3858 3903 3949 3994 4041 4088 4135 4182 4230 4278 4327 4377 4426 4477 4528 4579 4631 4684 4738 4792 4847 4902 4959 5017 5075 5135 5194 5255 5315 5377 5439 5502 5565 ]

3	lai2
[start = 5601]
[end = 11120]
[peaknum = 70]
[5630 5696 5763 5831 5900 5971 6043 6116 6190 6265 6340 6417 6495 6574 6653 6733 6814 6896 6978 7060 7142 7226 7309 7393 7477 7561 7646 7731 7816 7901 7986 8071 8156 8241 8326 8411 8496 8580 8663 8747 8829 8912 8994 9076 9157 9239 9320 9400 9480 9560 9640 9719 9798 9876 9953 10030 10107 10182 10258 10332 10407 10481 10555 10629 10702 10776 10849 10923 10996 11070 ]

4	li2
[start = 11120]
[end = 14800]
[peaknum = 56]
[11143 11217 11290 11365 11439 11515 11590 11666 11743 11820 11898 11977 12056 12135 12212 12288 12364 12439 12516 12592 12669 12746 12822 12898 12974 13049 13123 13196 13268 13339 13409 13477 13545 13611 13675 13739 13800 13860 13918 13975 14031 14085 14139 14191 14243 14293 14343 14392 14442 14490 14539 14588 14637 14686 14735 14784 ]

5	SIL
[start = 14800]
[end = 15221]

6	ci3
[start = 15221]
[end = 18384]
[peaknum = 14]
[17130 17203 17282 17367 17456 17550 17650 17752 17855 17957 18057 18155 18253 18350 ]

7	SIL
[start = 18384]
[end = 19696]

8	bu4
[start = 19696]
[end = 22664]
[peaknum = 39]
[20166 20224 20281 20337 20393 20448 20503 20558 20613 20667 20720 20774 20828 20882 20936 20990 21044 21099 21154 21209 21264 21321 21378 21436 21494 21554 21615 21677 21740 21805 21871 21939 22009 22081 22156 22232 22311 22392 22473 ]

9	yuan3
[start = 22664]
[end = 26000]
[peaknum = 8]
[23238 23328 23421 23519 23621 23730 23845 23964 ]

10	de5
[start = 26000]
[end = 28001]
[peaknum = 23]
[26121 26211 26299 26386 26471 26561 26656 26750 26843 26932 27019 27103 27186 27268 27350 27433 27515 27596 27675 27754 27832 27909 27986 ]

11	mou3
[start = 28001]
[end = 31952]
[peaknum = 40]
[28063 28139 28216 28292 28369 28445 28522 28600 28678 28757 28836 28916 28996 29077 29157 29238 29321 29406 29492 29580 29670 29762 29857 29955 30055 30157 30262 30369 30477 30587 30698 30810 30925 31043 31166 31291 31415 31535 31650 31763 ]

12	SIL
[start = 31952]
[end = 32656]

13	chu4
[start = 32656]
[end = 39042]
[peaknum = 45]
[34895 34949 35004 35060 35117 35175 35233 35291 35351 35411 35472 35534 35596 35660 35725 35790 35857 35925 35994 36064 36137 36211 36286 36364 36444 36527 36613 36700 36789 36880 36971 37062 37155 37249 37346 37445 37547 37654 37764 37875 37990 38103 38214 38329 38445 ]

14	SIL
[start = 39042]
[end = 41424]

15	yi2
[start = 41424]
[end = 43817]
[peaknum = 32]
[41583 41659 41735 41812 41888 41963 42038 42111 42184 42255 42326 42397 42466 42534 42600 42665 42729 42792 42853 42914 42973 43032 43089 43146 43202 43258 43313 43368 43424 43481 43541 43603 ]

16	ding4
[start = 43817]
[end = 48347]
[peaknum = 66]
[44484 44528 44572 44617 44662 44707 44753 44799 44844 44890 44935 44981 45026 45072 45118 45164 45210 45257 45303 45350 45397 45444 45492 45540 45588 45636 45685 45735 45785 45836 45887 45939 45992 46046 46100 46156 46212 46269 46327 46386 46447 46508 46570 46634 46698 46763 46829 46896 46964 47033 47102 47172 47242 47313 47385 47458 47531 47606 47683 47762 47843 47926 48012 48100 48189 48278 ]

17	you3
[start = 48347]
[end = 51504]
[peaknum = 27]
[48807 48894 48982 49070 49160 49252 49346 49443 49543 49648 49754 49862 49970 50078 50186 50294 50403 50512 50621 50729 50837 50944 51051 51161 51275 51384 51487 ]

18	yi4
[start = 51504]
[end = 54526]
[peaknum = 24]
[52654 52735 52815 52894 52973 53052 53131 53210 53289 53367 53446 53525 53604 53684 53764 53844 53925 54006 54087 54169 54250 54331 54412 54493 ]

19	wo1
[start = 54526]
[end = 58124]
[peaknum = 58]
[54573 54653 54731 54809 54885 54961 55035 55108 55180 55251 55320 55388 55455 55520 55585 55648 55711 55773 55834 55895 55955 56015 56074 56134 56193 56252 56311 56369 56428 56486 56544 56601 56659 56716 56773 56830 56886 56943 56999 57055 57111 57166 57222 57277 57332 57388 57443 57498 57553 57608 57664 57720 57776 57834 57892 57950 58008 58067 ]

20	lang2
[start = 58124]
[end = 62969]
[peaknum = 64]
[58126 58186 58246 58308 58369 58430 58492 58553 58616 58679 58742 58805 58869 58933 58999 59069 59141 59218 59299 59384 59475 59571 59672 59775 59885 60000 60116 60234 60352 60469 60584 60693 60796 60894 60988 61077 61161 61240 61317 61390 61461 61530 61597 61662 61725 61788 61849 61909 61968 62027 62084 62141 62198 62255 62312 62368 62425 62481 62537 62593 62648 62703 62759 62814 ]

21	zai3
[start = 62969]
[end = 67504]
[peaknum = 23]
[63826 63883 63940 64000 64061 64125 64191 64259 64331 64407 64486 64572 64662 64759 64862 64969 65081 65197 65316 65438 65562 65689 65815 ]

22	SIL
[start = 67504]
[end = 71431]

23	zai4
[start = 71431]
[end = 76732]
[peaknum = 41]
[72452 72524 72595 72668 72742 72818 72896 72976 73058 73141 73226 73312 73400 73490 73581 73674 73768 73864 73962 74060 74161 74264 74369 74475 74582 74688 74796 74905 75013 75121 75229 75337 75445 75554 75664 75774 75885 75997 76112 76230 76353 ]

24	SIL
[start = 76732]
[end = 77680]

25	ao2
[start = 77680]
[end = 80981]
[peaknum = 37]
[78261 78326 78390 78453 78516 78578 78639 78700 78761 78822 78882 78943 79003 79063 79123 79182 79242 79302 79361 79421 79480 79539 79598 79657 79716 79775 79834 79893 79952 80011 80070 80129 80188 80247 80307 80368 80430 ]

26	ao2
[start = 80981]
[end = 84688]
[peaknum = 51]
[81767 81827 81886 81943 82000 82055 82111 82165 82220 82275 82330 82386 82441 82497 82553 82609 82665 82721 82777 82834 82891 82947 83004 83061 83118 83174 83231 83288 83345 83402 83459 83515 83572 83628 83685 83741 83797 83853 83909 83964 84020 84075 84130 84185 84240 84294 84349 84404 84458 84513 84567 ]

27	SIL
[start = 84688]
[end = 85584]

28	dai4
[start = 85584]
[end = 88432]
[peaknum = 48]
[85741 85786 85830 85874 85919 85964 86009 86055 86101 86147 86194 86241 86288 86335 86383 86431 86479 86527 86576 86625 86674 86724 86774 86824 86876 86927 86980 87034 87088 87143 87199 87255 87313 87372 87432 87494 87556 87621 87687 87755 87824 87896 87969 88044 88120 88198 88279 88366 ]

29	SIL
[start = 88432]
[end = 89472]

30	bu3
[start = 89472]
[end = 93072]
[peaknum = 14]
[89774 89862 89953 90048 90144 90240 90337 90437 90537 90640 90745 90853 90966 91079 ]

31	ne5
[start = 93072]
[end = 96896]
[peaknum = 38]
[93443 93557 93672 93782 93889 93998 94106 94213 94321 94428 94534 94636 94738 94838 94937 95035 95133 95232 95330 95428 95524 95619 95711 95802 95890 95976 96059 96140 96220 96298 96374 96449 96522 96593 96662 96729 96796 96861 ]

32	SIL
[start = 96896]
[end = 99770]

