[SampleRate = 16000]
[ElementNum = 35]
1	SIL
[start = 0]
[end = 2832]

2	ye3
[start = 2832]
[end = 5520]
[peaknum = 33]
[2895 2957 3021 3088 3157 3226 3295 3364 3433 3503 3573 3644 3717 3790 3864 3940 4017 4094 4173 4253 4332 4413 4494 4576 4659 4741 4824 4906 4989 5072 5161 5255 5344 ]

3	SIL
[start = 5520]
[end = 6560]

4	bu2
[start = 6560]
[end = 8141]
[peaknum = 20]
[6926 6998 7066 7133 7198 7262 7325 7388 7451 7512 7573 7634 7694 7753 7812 7871 7929 7988 8046 8104 ]

5	hui4
[start = 8141]
[end = 12960]
[peaknum = 64]
[9620 9662 9704 9747 9790 9834 9879 9924 9969 10014 10060 10106 10152 10198 10245 10292 10339 10387 10435 10483 10531 10580 10629 10679 10728 10779 10829 10880 10931 10982 11033 11085 11137 11189 11242 11295 11348 11401 11455 11508 11562 11617 11671 11726 11781 11837 11892 11949 12005 12062 12119 12177 12235 12294 12352 12411 12471 12531 12591 12652 12713 12775 12838 12902 ]

6	SIL
[start = 12960]
[end = 14208]

7	gua1
[start = 14208]
[end = 17136]
[peaknum = 50]
[14754 14801 14849 14896 14944 14992 15040 15088 15136 15184 15231 15279 15327 15375 15422 15470 15518 15566 15613 15661 15709 15757 15805 15853 15901 15948 15996 16044 16091 16138 16186 16233 16280 16327 16374 16421 16468 16515 16563 16610 16657 16704 16751 16798 16846 16893 16940 16988 17036 17084 ]

8	SIL
[start = 17136]
[end = 17744]

9	diao4
[start = 17744]
[end = 21760]
[peaknum = 54]
[18104 18153 18203 18252 18300 18349 18399 18450 18501 18553 18606 18660 18714 18769 18825 18881 18939 18997 19056 19115 19176 19237 19300 19363 19427 19491 19557 19624 19693 19762 19834 19906 19980 20055 20131 20209 20288 20368 20449 20531 20614 20698 20781 20866 20950 21035 21120 21205 21289 21373 21457 21541 21629 21721 ]

10	SIL
[start = 21760]
[end = 22624]

11	pi2
[start = 22624]
[end = 26136]
[peaknum = 28]
[24172 24241 24313 24388 24466 24544 24621 24698 24775 24851 24927 25002 25076 25150 25221 25292 25362 25430 25496 25562 25626 25689 25752 25815 25878 25941 26004 26066 ]

12	fu1
[start = 26136]
[end = 29712]
[peaknum = 42]
[27715 27764 27812 27861 27909 27957 28006 28056 28105 28155 28205 28254 28303 28353 28402 28451 28500 28549 28598 28647 28696 28744 28793 28842 28890 28939 28987 29035 29084 29132 29180 29228 29276 29324 29372 29420 29468 29516 29565 29614 29663 29712 ]

13	SIL
[start = 29712]
[end = 31056]

14	biao3
[start = 31056]
[end = 34336]
[peaknum = 27]
[31253 31320 31387 31453 31521 31590 31659 31728 31798 31872 31951 32033 32117 32206 32298 32394 32494 32599 32707 32819 32934 33050 33165 33282 33402 33508 33650 ]

15	SIL
[start = 34336]
[end = 34792]

16	ceng2
[start = 34792]
[end = 38515]
[peaknum = 19]
[36878 36977 37076 37173 37269 37364 37459 37552 37643 37732 37818 37901 37982 38061 38138 38215 38291 38367 38445 ]

17	de5
[start = 38515]
[end = 41056]
[peaknum = 28]
[38851 38912 38975 39038 39102 39167 39232 39297 39362 39428 39495 39563 39632 39702 39773 39846 39919 39992 40067 40143 40220 40298 40378 40459 40542 40628 40717 40807 ]

18	you2
[start = 41056]
[end = 47072]
[peaknum = 60]
[41208 41315 41423 41532 41635 41731 41827 41924 42021 42119 42220 42324 42429 42536 42646 42757 42870 42986 43104 43223 43344 43465 43584 43702 43820 43938 44054 44167 44279 44390 44500 44607 44713 44817 44921 45023 45125 45225 45325 45423 45520 45616 45710 45803 45894 45982 46067 46149 46229 46307 46383 46457 46531 46603 46674 46744 46812 46879 46945 47010 ]

19	SIL
[start = 47072]
[end = 50816]

20	zhe4
[start = 50816]
[end = 53071]
[peaknum = 29]
[51554 51598 51643 51689 51735 51781 51828 51875 51921 51968 52014 52061 52108 52155 52203 52250 52298 52346 52394 52442 52491 52541 52590 52641 52691 52743 52796 52852 52910 ]

21	SIL
[start = 53071]
[end = 53478]

22	dui4
[start = 53478]
[end = 56800]
[peaknum = 51]
[53775 53825 53876 53927 53979 54032 54085 54138 54191 54245 54299 54353 54407 54461 54516 54571 54627 54682 54739 54795 54853 54910 54968 55027 55086 55146 55207 55267 55329 55391 55453 55516 55580 55644 55708 55773 55838 55903 55969 56035 56101 56167 56233 56300 56366 56432 56499 56565 56631 56697 56764 ]

23	SIL
[start = 56800]
[end = 57840]

24	pi2
[start = 57840]
[end = 61136]
[peaknum = 24]
[59375 59446 59518 59594 59672 59751 59830 59910 59990 60070 60150 60229 60307 60384 60460 60535 60608 60680 60749 60818 60887 60955 61024 61093 ]

25	fu1
[start = 61136]
[end = 64848]
[peaknum = 32]
[63046 63098 63150 63204 63259 63316 63372 63429 63485 63542 63599 63655 63712 63769 63826 63883 63940 63997 64054 64111 64167 64224 64281 64337 64394 64450 64507 64564 64622 64680 64738 64797 ]

26	SIL
[start = 64848]
[end = 66000]

27	gan1
[start = 66000]
[end = 69519]
[peaknum = 70]
[66259 66305 66351 66398 66444 66491 66539 66586 66634 66682 66730 66777 66825 66873 66920 66968 67015 67063 67110 67157 67205 67252 67299 67346 67393 67440 67487 67534 67581 67628 67674 67721 67768 67815 67861 67908 67955 68002 68049 68096 68144 68191 68239 68286 68333 68380 68427 68474 68521 68567 68613 68660 68706 68752 68798 68844 68890 68936 68982 69029 69075 69122 69168 69215 69262 69310 69358 69405 69454 69502 ]

28	zao4
[start = 69519]
[end = 72774]
[peaknum = 40]
[70429 70473 70517 70561 70606 70650 70696 70742 70788 70836 70884 70933 70982 71033 71084 71136 71188 71242 71296 71351 71407 71463 71521 71579 71638 71699 71760 71823 71886 71952 72018 72086 72157 72228 72303 72380 72460 72545 72633 72726 ]

29	de5
[start = 72774]
[end = 74585]
[peaknum = 18]
[72819 72911 73001 73091 73181 73274 73368 73463 73561 73659 73758 73860 73963 74068 74177 74289 74405 74524 ]

30	ren2
[start = 74585]
[end = 79536]
[peaknum = 49]
[74638 74749 74859 74965 75073 75183 75295 75409 75525 75642 75759 75877 75995 76113 76231 76348 76465 76582 76700 76817 76933 77047 77159 77271 77381 77491 77599 77708 77814 77920 78024 78125 78224 78320 78412 78501 78588 78673 78756 78836 78913 78987 79058 79129 79199 79269 79340 79412 79484 ]

31	hen3
[start = 79536]
[end = 84442]
[peaknum = 16]
[82100 82182 82267 82356 82448 82546 82650 82760 82875 82997 83116 83256 83396 83565 83710 83855 ]

32	SIL
[start = 84442]
[end = 85011]

33	zhong4
[start = 85011]
[end = 88020]
[peaknum = 23]
[85803 85879 85955 86033 86112 86193 86276 86361 86447 86536 86626 86718 86813 86910 87010 87113 87221 87335 87453 87573 87693 87812 87930 ]

34	yao4
[start = 88020]
[end = 91296]
[peaknum = 21]
[88046 88162 88274 88384 88490 88591 88690 88786 88883 88979 89075 89171 89268 89366 89466 89567 89670 89776 89884 90000 90121 ]

35	SIL
[start = 91296]
[end = 93901]

