[SampleRate = 16000]
[ElementNum = 29]
1	SIL
[start = 0]
[end = 2176]

2	ying1
[start = 2176]
[end = 4944]
[peaknum = 60]
[2211 2256 2301 2346 2392 2438 2485 2531 2578 2625 2672 2718 2765 2811 2857 2902 2948 2993 3039 3084 3129 3174 3219 3263 3308 3352 3397 3441 3485 3530 3574 3619 3664 3708 3753 3798 3843 3888 3933 3978 4023 4068 4113 4158 4203 4248 4293 4338 4383 4429 4474 4520 4566 4612 4659 4706 4753 4801 4849 4898 ]

3	SIL
[start = 4944]
[end = 5184]

4	guo2
[start = 5184]
[end = 10011]
[peaknum = 52]
[5888 5944 6001 6061 6124 6189 6256 6326 6397 6472 6549 6629 6711 6794 6879 6965 7052 7140 7229 7318 7408 7497 7587 7677 7767 7857 7947 8036 8126 8215 8304 8394 8483 8571 8659 8746 8833 8918 9002 9084 9165 9244 9322 9398 9472 9545 9617 9689 9761 9833 9906 9979 ]

5	he4
[start = 10011]
[end = 14272]
[peaknum = 40]
[12144 12187 12230 12272 12315 12358 12402 12445 12489 12532 12576 12620 12664 12708 12753 12797 12842 12887 12932 12977 13023 13069 13116 13163 13211 13259 13308 13357 13407 13458 13509 13561 13614 13667 13722 13777 13833 13890 13948 14008 ]

6	SIL
[start = 14272]
[end = 14800]

7	de2
[start = 14800]
[end = 17696]
[peaknum = 32]
[15049 15121 15199 15285 15372 15460 15548 15637 15728 15820 15912 16005 16098 16192 16285 16378 16471 16564 16654 16743 16829 16913 16995 17074 17152 17227 17301 17373 17446 17518 17590 17662 ]

8	si1
[start = 17696]
[end = 22662]
[peaknum = 41]
[20334 20389 20445 20502 20560 20618 20677 20736 20795 20854 20912 20970 21028 21085 21143 21200 21257 21315 21372 21429 21486 21542 21599 21656 21712 21769 21825 21880 21936 21992 22047 22102 22157 22212 22268 22323 22378 22434 22491 22548 22606 ]

9	fei1
[start = 22662]
[end = 26587]
[peaknum = 42]
[24626 24671 24715 24760 24805 24851 24897 24942 24988 25034 25080 25126 25172 25218 25264 25310 25356 25402 25448 25494 25540 25587 25633 25679 25726 25772 25819 25866 25913 25960 26007 26054 26101 26149 26197 26245 26293 26341 26390 26439 26489 26539 ]

10	er3
[start = 26587]
[end = 29488]
[peaknum = 28]
[26589 26640 26692 26744 26797 26851 26906 26963 27020 27079 27139 27200 27264 27329 27397 27467 27540 27616 27696 27779 27865 27955 28049 28147 28249 28358 28472 28592 ]

11	SIL
[start = 29488]
[end = 30464]

12	de2
[start = 30464]
[end = 35616]
[peaknum = 43]
[30931 31030 31132 31236 31341 31446 31552 31659 31767 31875 31983 32091 32200 32309 32418 32526 32633 32739 32844 32949 33053 33156 33259 33361 33462 33562 33661 33759 33856 33952 34046 34140 34233 34325 34417 34508 34598 34688 34778 34869 34961 35055 35150 ]

13	SIL
[start = 35616]
[end = 36992]

14	yi1
[start = 36992]
[end = 38496]
[peaknum = 23]
[37120 37176 37233 37290 37349 37408 37467 37526 37585 37644 37704 37763 37823 37883 37943 38003 38063 38124 38184 38245 38307 38371 38439 ]

15	SIL
[start = 38496]
[end = 39136]

16	jia1
[start = 39136]
[end = 42237]
[peaknum = 47]
[39677 39732 39787 39842 39895 39950 40004 40059 40114 40170 40225 40281 40336 40392 40448 40504 40560 40617 40673 40730 40787 40843 40900 40957 41013 41070 41126 41183 41239 41295 41351 41407 41462 41518 41573 41628 41683 41738 41793 41848 41903 41958 42013 42068 42124 42180 42237 ]

17	mao2
[start = 42237]
[end = 46400]
[peaknum = 59]
[42237 42295 42354 42412 42471 42531 42590 42651 42712 42773 42835 42897 42960 43024 43089 43154 43220 43288 43357 43427 43499 43572 43648 43726 43807 43889 43973 44059 44148 44238 44330 44422 44513 44603 44692 44779 44865 44949 45031 45112 45191 45267 45341 45413 45482 45550 45615 45679 45740 45801 45860 45918 45975 46032 46088 46144 46200 46255 46311 ]

18	fang2
[start = 46400]
[end = 50138]
[peaknum = 38]
[47527 47588 47651 47716 47784 47855 47930 48006 48085 48165 48245 48325 48406 48485 48564 48641 48717 48793 48867 48940 49012 49082 49152 49220 49287 49353 49418 49481 49544 49605 49665 49725 49785 49845 49906 49968 50033 50104 ]

19	chang3
[start = 50138]
[end = 56400]
[peaknum = 20]
[52511 52581 52655 52735 52818 52902 52989 53081 53179 53283 53391 53502 53614 53729 53845 53965 54088 54214 54342 54470 ]

20	SIL
[start = 56400]
[end = 61408]

21	yong4
[start = 61408]
[end = 66224]
[peaknum = 68]
[61413 61475 61538 61602 61667 61733 61798 61864 61927 61990 62052 62113 62173 62233 62293 62352 62413 62473 62534 62596 62658 62720 62783 62847 62910 62975 63040 63107 63174 63241 63310 63379 63448 63518 63589 63660 63732 63805 63879 63952 64027 64101 64177 64252 64329 64405 64483 64560 64638 64716 64795 64875 64956 65036 65118 65199 65281 65362 65444 65525 65605 65684 65762 65840 65918 65994 66070 66145 ]

22	shu2
[start = 66224]
[end = 71303]
[peaknum = 33]
[68932 69012 69093 69174 69256 69340 69424 69510 69597 69684 69770 69856 69941 70024 70106 70185 70261 70335 70407 70477 70545 70611 70676 70739 70802 70864 70926 70988 71047 71106 71163 71219 71275 ]

23	lian4
[start = 71303]
[end = 75288]
[peaknum = 64]
[71530 71577 71624 71671 71717 71764 71810 71856 71903 71949 71996 72042 72088 72135 72181 72227 72274 72320 72367 72414 72461 72508 72555 72603 72651 72699 72747 72796 72845 72895 72946 72997 73049 73102 73155 73210 73266 73322 73380 73439 73499 73560 73623 73686 73752 73818 73886 73955 74025 74096 74168 74241 74313 74386 74458 74530 74602 74674 74747 74819 74891 74963 75037 75113 ]

24	gong1
[start = 75288]
[end = 78197]
[peaknum = 49]
[75689 75744 75799 75854 75909 75965 76020 76075 76129 76184 76238 76292 76346 76399 76453 76506 76559 76612 76665 76717 76769 76821 76873 76925 76977 77028 77079 77130 77180 77231 77281 77331 77381 77431 77481 77530 77580 77630 77679 77729 77779 77829 77879 77930 77980 78031 78082 78133 78185 ]

25	ren2
[start = 78197]
[end = 84135]
[peaknum = 71]
[78236 78289 78342 78396 78450 78505 78561 78617 78674 78732 78790 78849 78910 78972 79037 79104 79175 79250 79328 79410 79496 79586 79682 79784 79890 79999 80109 80220 80331 80440 80549 80658 80766 80875 80984 81094 81203 81312 81421 81530 81639 81746 81851 81956 82058 82159 82258 82355 82448 82537 82623 82708 82792 82874 82955 83034 83111 83187 83261 83334 83405 83475 83544 83612 83679 83745 83811 83876 83941 84008 84076 ]

26	jian3
[start = 84135]
[end = 88256]
[peaknum = 29]
[85436 85504 85572 85642 85712 85784 85858 85934 86012 86093 86176 86262 86351 86444 86540 86640 86746 86859 86976 87095 87228 87338 87461 87586 87711 87834 87957 88082 88206 ]

27	yang2
[start = 88256]
[end = 91557]
[peaknum = 30]
[88330 88452 88570 88689 88810 88931 89048 89163 89281 89402 89522 89642 89764 89886 90006 90126 90246 90363 90479 90591 90699 90803 90903 90999 91090 91177 91260 91340 91417 91494 ]

28	mao2
[start = 91557]
[end = 97568]
[peaknum = 61]
[91569 91642 91715 91787 91859 91930 92001 92072 92144 92216 92288 92360 92433 92504 92576 92651 92729 92813 92903 92998 93097 93201 93309 93418 93530 93644 93760 93879 94000 94123 94248 94374 94501 94627 94753 94876 94998 95119 95240 95360 95477 95592 95705 95817 95927 96036 96145 96252 96357 96459 96558 96654 96746 96834 96920 97004 97085 97164 97240 97314 97387 ]

29	SIL
[start = 97568]
[end = 99770]

