[SampleRate = 16000]
[ElementNum = 31]
1	SIL
[start = 0]
[end = 2646]

2	fen1
[start = 2646]
[end = 6377]
[peaknum = 57]
[4007 4047 4087 4128 4169 4211 4253 4295 4337 4378 4420 4462 4504 4546 4587 4629 4670 4712 4753 4794 4835 4877 4918 4959 5000 5041 5083 5124 5166 5208 5250 5292 5334 5376 5417 5459 5500 5542 5583 5625 5666 5708 5750 5791 5834 5876 5918 5961 6003 6046 6089 6132 6176 6219 6263 6307 6351 ]

3	lan2
[start = 6377]
[end = 9907]
[peaknum = 47]
[6396 6441 6486 6532 6580 6628 6678 6731 6786 6846 6909 6977 7049 7126 7204 7286 7369 7455 7542 7629 7718 7808 7898 7988 8080 8171 8262 8354 8446 8537 8626 8712 8796 8878 8959 9039 9118 9196 9272 9347 9421 9495 9568 9641 9715 9790 9864 ]

4	de5
[start = 9907]
[end = 12736]
[peaknum = 39]
[9932 9994 10056 10117 10179 10243 10308 10374 10440 10508 10576 10645 10714 10784 10855 10927 10999 11073 11147 11222 11299 11376 11454 11533 11612 11692 11772 11853 11933 12014 12094 12174 12253 12332 12412 12491 12570 12648 12725 ]

5	SIL
[start = 12736]
[end = 13648]

6	gu1
[start = 13648]
[end = 15961]
[peaknum = 34]
[14275 14327 14380 14432 14485 14537 14590 14642 14693 14745 14796 14848 14899 14950 15000 15051 15101 15152 15202 15251 15301 15350 15399 15448 15497 15546 15595 15644 15693 15742 15792 15841 15891 15942 ]

7	niang5
[start = 15961]
[end = 19376]
[peaknum = 51]
[15992 16042 16092 16142 16193 16243 16293 16344 16394 16444 16495 16546 16597 16648 16699 16751 16803 16855 16908 16962 17016 17071 17127 17183 17241 17299 17359 17421 17483 17547 17612 17678 17746 17815 17887 17961 18037 18115 18197 18281 18369 18459 18551 18645 18741 18839 18939 19039 19141 19247 19355 ]

8	men5
[start = 19376]
[end = 24064]
[peaknum = 36]
[19458 19560 19662 19763 19863 19962 20062 20162 20263 20363 20463 20560 20658 20757 20856 20956 21058 21160 21263 21368 21473 21579 21686 21795 21904 22014 22126 22238 22351 22465 22579 22693 22808 22924 23040 23155 ]

9	SIL
[start = 24064]
[end = 26941]

10	zong3
[start = 26941]
[end = 30091]
[peaknum = 26]
[27829 27903 27977 28054 28132 28212 28294 28378 28463 28549 28637 28725 28815 28906 28998 29090 29184 29278 29373 29467 29561 29653 29745 29835 29925 30013 ]

11	shi4
[start = 30091]
[end = 33136]
[peaknum = 20]
[31834 31895 31956 32017 32079 32142 32204 32267 32331 32394 32458 32522 32586 32650 32714 32780 32846 32915 32986 33061 ]

12	SIL
[start = 33136]
[end = 33486]

13	zai4
[start = 33486]
[end = 37792]
[peaknum = 53]
[33913 33971 34028 34086 34144 34203 34263 34325 34387 34449 34513 34577 34641 34707 34773 34840 34907 34975 35044 35114 35186 35258 35332 35406 35481 35557 35635 35713 35791 35870 35949 36028 36108 36188 36267 36347 36427 36507 36588 36668 36749 36830 36911 36992 37072 37152 37232 37311 37390 37469 37548 37630 37715 ]

14	SIL
[start = 37792]
[end = 38480]

15	chu2
[start = 38480]
[end = 42143]
[peaknum = 24]
[40484 40558 40633 40711 40789 40866 40942 41018 41093 41167 41240 41313 41384 41455 41524 41592 41659 41725 41789 41854 41917 41981 42044 42108 ]

16	xi1
[start = 42143]
[end = 46231]
[peaknum = 32]
[44187 44234 44282 44331 44379 44428 44477 44526 44575 44624 44673 44721 44770 44819 44867 44916 44965 45014 45063 45112 45161 45211 45261 45310 45360 45411 45461 45511 45561 45611 45661 45712 ]

17	ye4
[start = 46231]
[end = 48823]
[peaknum = 40]
[46737 46784 46831 46877 46923 46969 47015 47062 47108 47155 47202 47249 47296 47343 47391 47438 47486 47535 47583 47632 47682 47732 47782 47833 47884 47937 47990 48043 48098 48154 48210 48268 48327 48387 48449 48511 48575 48641 48710 48782 ]

18	wan3
[start = 48823]
[end = 55446]
[peaknum = 56]
[48858 48937 49015 49092 49169 49247 49324 49403 49483 49566 49649 49734 49822 49912 50005 50101 50200 50302 50409 50523 50642 50764 50889 51016 51141 51266 51391 51516 51642 51768 51894 52021 52148 52272 52397 52520 52640 52759 52877 52993 53109 53223 53335 53447 53556 53664 53773 53880 53985 54087 54187 54286 54382 54473 54560 54644 ]

19	SIL
[start = 55446]
[end = 56944]

20	ba3
[start = 56944]
[end = 60071]
[peaknum = 28]
[57269 57350 57432 57516 57600 57686 57774 57863 57954 58047 58141 58238 58337 58437 58541 58649 58761 58877 58997 59122 59247 59371 59493 59612 59724 59831 59935 60038 ]

21	xie2
[start = 60071]
[end = 65321]
[peaknum = 25]
[62920 63022 63120 63218 63318 63417 63517 63618 63719 63821 63923 64025 64128 64230 64331 64430 64527 64621 64713 64802 64891 64977 65062 65145 65227 ]

22	zi5
[start = 65321]
[end = 68895]
[peaknum = 30]
[66455 66528 66602 66678 66754 66832 66911 66990 67072 67154 67239 67324 67410 67497 67586 67675 67764 67855 67945 68036 68126 68216 68306 68395 68481 68564 68646 68726 68806 68886 ]

23	xiang4
[start = 68895]
[end = 74536]
[peaknum = 57]
[71188 71233 71278 71323 71368 71413 71459 71505 71550 71596 71641 71687 71733 71779 71825 71872 71918 71965 72013 72061 72109 72157 72206 72255 72305 72355 72406 72458 72510 72564 72618 72673 72729 72786 72845 72904 72965 73028 73091 73156 73223 73291 73361 73433 73506 73581 73658 73736 73816 73897 73979 74062 74145 74228 74311 74394 74479 ]

24	shang4
[start = 74536]
[end = 79808]
[peaknum = 40]
[76479 76528 76576 76625 76674 76723 76773 76823 76873 76923 76974 77025 77076 77128 77180 77234 77287 77342 77398 77454 77511 77569 77629 77689 77751 77814 77879 77946 78015 78086 78161 78239 78321 78406 78495 78590 78691 78797 78910 79041 ]

25	SIL
[start = 79808]
[end = 81168]

26	pao1
[start = 81168]
[end = 84496]
[peaknum = 32]
[82761 82818 82875 82932 82988 83044 83100 83156 83212 83267 83322 83377 83432 83486 83541 83595 83649 83703 83756 83810 83863 83916 83969 84021 84074 84126 84179 84231 84284 84337 84390 84443 ]

27	SIL
[start = 84496]
[end = 85056]

28	chu1
[start = 85056]
[end = 87632]
[peaknum = 7]
[86388 86472 86559 86651 86750 86856 86970 ]

29	SIL
[start = 87632]
[end = 88096]

30	qu4
[start = 88096]
[end = 91744]
[peaknum = 10]
[90151 90242 90336 90433 90536 90651 90778 90913 91081 91317 ]

31	SIL
[start = 91744]
[end = 93249]

