[SampleRate = 16000]
[ElementNum = 30]
1	SIL
[start = 0]
[end = 2016]

2	pian4
[start = 2016]
[end = 5744]
[peaknum = 55]
[3079 3120 3160 3200 3241 3282 3324 3365 3407 3449 3490 3532 3574 3616 3658 3700 3742 3784 3827 3869 3912 3956 3999 4043 4088 4132 4178 4224 4270 4317 4365 4413 4461 4510 4560 4610 4661 4713 4766 4820 4874 4929 4985 5041 5098 5155 5213 5272 5332 5392 5453 5515 5578 5644 5715 ]

3	qu3
[start = 5744]
[end = 11368]
[peaknum = 39]
[7913 7979 8048 8120 8194 8268 8344 8420 8498 8576 8656 8737 8819 8902 8986 9072 9159 9247 9335 9424 9514 9604 9694 9785 9875 9966 10058 10149 10242 10336 10430 10525 10620 10715 10809 10904 11002 11099 11196 ]

4	SIL
[start = 11368]
[end = 11888]

5	chu1
[start = 11888]
[end = 16160]
[peaknum = 46]
[14136 14179 14223 14268 14313 14359 14404 14450 14495 14540 14585 14630 14675 14720 14765 14810 14854 14899 14944 14988 15033 15078 15122 15166 15211 15255 15299 15343 15387 15431 15475 15519 15563 15607 15651 15695 15739 15783 15827 15871 15915 15959 16004 16049 16094 16140 ]

6	SIL
[start = 16160]
[end = 16944]

7	kou3
[start = 16944]
[end = 21200]
[peaknum = 28]
[18613 18690 18767 18843 18921 18999 19081 19165 19253 19344 19438 19536 19635 19735 19835 19935 20036 20136 20236 20338 20440 20543 20646 20748 20849 20949 21047 21142 ]

8	SIL
[start = 21200]
[end = 21776]

9	tui4
[start = 21776]
[end = 25287]
[peaknum = 41]
[23237 23287 23335 23384 23431 23478 23525 23572 23620 23667 23714 23761 23807 23855 23902 23949 23997 24045 24094 24142 24192 24242 24292 24343 24394 24446 24499 24551 24605 24658 24712 24766 24821 24875 24929 24984 25039 25094 25149 25205 25261 ]

10	shui4
[start = 25287]
[end = 28848]
[peaknum = 35]
[26937 26983 27030 27077 27124 27171 27218 27266 27315 27363 27412 27461 27510 27560 27610 27661 27712 27764 27816 27869 27922 27976 28030 28086 28142 28199 28257 28316 28376 28437 28499 28563 28628 28694 28762 ]

11	SIL
[start = 28848]
[end = 29648]

12	kuan3
[start = 29648]
[end = 34378]
[peaknum = 25]
[31610 31686 31769 31858 31949 32043 32139 32241 32348 32460 32577 32701 32834 32969 33119 33269 33419 33542 33669 33821 33944 34065 34174 34275 34372 ]

13	shi2
[start = 34378]
[end = 38746]
[peaknum = 15]
[37542 37629 37719 37809 37898 37985 38070 38155 38238 38321 38402 38482 38559 38633 38703 ]

14	wan4
[start = 38746]
[end = 41840]
[peaknum = 53]
[38772 38838 38902 38964 39025 39085 39143 39199 39254 39307 39359 39409 39459 39509 39558 39607 39657 39706 39756 39806 39857 39908 39959 40011 40063 40115 40168 40220 40273 40326 40380 40433 40487 40541 40596 40652 40708 40764 40822 40880 40939 41000 41063 41127 41193 41261 41331 41403 41477 41554 41633 41714 41797 ]

15	yuan2
[start = 41840]
[end = 49408]
[peaknum = 73]
[41882 41969 42058 42148 42241 42338 42437 42540 42646 42754 42863 42972 43080 43188 43296 43407 43518 43630 43744 43859 43974 44091 44209 44330 44451 44573 44695 44817 44937 45058 45179 45300 45421 45541 45660 45779 45898 46016 46135 46252 46370 46488 46604 46720 46834 46946 47057 47168 47277 47386 47494 47599 47700 47799 47895 47991 48084 48176 48266 48354 48441 48525 48608 48690 48771 48851 48930 49007 49082 49156 49229 49303 49376 ]

16	SIL
[start = 49408]
[end = 51776]

17	yin1
[start = 51776]
[end = 55936]
[peaknum = 69]
[51893 51956 52020 52085 52150 52216 52280 52345 52409 52473 52536 52599 52661 52723 52784 52844 52904 52963 53022 53081 53139 53198 53256 53314 53372 53430 53489 53547 53605 53663 53721 53780 53838 53896 53955 54013 54073 54132 54192 54252 54312 54372 54431 54491 54550 54609 54668 54727 54786 54845 54903 54962 55021 55080 55138 55197 55255 55314 55372 55430 55488 55545 55603 55660 55717 55772 55827 55881 55934 ]

18	SIL
[start = 55936]
[end = 56816]

19	an4
[start = 56816]
[end = 60368]
[peaknum = 52]
[57160 57210 57259 57308 57357 57406 57454 57503 57551 57599 57647 57696 57744 57793 57842 57892 57942 57993 58044 58096 58148 58201 58255 58310 58366 58422 58480 58538 58597 58657 58718 58780 58845 58911 58979 59049 59122 59197 59273 59351 59430 59509 59589 59669 59749 59829 59908 59987 60068 60151 60235 60320 ]

20	fa1
[start = 60368]
[end = 66348]
[peaknum = 84]
[61850 61901 61952 62004 62056 62108 62160 62212 62265 62317 62370 62423 62476 62528 62581 62634 62687 62740 62793 62845 62898 62951 63004 63056 63109 63161 63214 63267 63319 63372 63424 63477 63529 63582 63634 63687 63739 63792 63844 63897 63949 64002 64054 64107 64159 64212 64265 64317 64370 64423 64476 64528 64581 64634 64687 64740 64793 64845 64898 64951 65003 65056 65109 65161 65214 65267 65320 65373 65426 65480 65534 65587 65641 65695 65748 65801 65854 65906 65958 66009 66061 66112 66164 66216 ]

21	SIL
[start = 66348]
[end = 67033]

22	wei4
[start = 67033]
[end = 71696]
[peaknum = 80]
[67260 67307 67355 67402 67449 67496 67544 67592 67642 67692 67742 67791 67841 67890 67938 67986 68033 68079 68124 68168 68212 68255 68298 68341 68385 68428 68472 68516 68560 68604 68648 68693 68737 68782 68826 68871 68917 68962 69008 69055 69101 69148 69196 69244 69293 69342 69392 69442 69494 69546 69599 69653 69708 69765 69822 69880 69939 69999 70061 70123 70187 70252 70318 70386 70456 70527 70600 70674 70750 70827 70906 70987 71069 71152 71237 71323 71410 71499 71588 71678 ]

23	yu3
[start = 71696]
[end = 75808]
[peaknum = 38]
[71769 71862 71954 72048 72141 72235 72329 72424 72519 72615 72711 72808 72906 73004 73104 73206 73312 73421 73532 73646 73760 73874 73989 74102 74215 74328 74442 74556 74670 74783 74896 75007 75116 75223 75327 75428 75529 75630 ]

24	SIL
[start = 75808]
[end = 77680]

25	ban4
[start = 77680]
[end = 81849]
[peaknum = 61]
[77970 78017 78064 78112 78160 78208 78255 78304 78352 78400 78448 78497 78545 78594 78642 78691 78740 78789 78838 78887 78937 78987 79037 79087 79138 79189 79240 79292 79345 79398 79452 79506 79561 79617 79673 79730 79787 79846 79905 79967 80030 80095 80163 80232 80303 80376 80452 80529 80607 80687 80769 80853 80938 81025 81114 81204 81296 81390 81486 81584 81685 ]

26	li3
[start = 81849]
[end = 84128]
[peaknum = 17]
[82158 82266 82379 82494 82608 82721 82834 82947 83060 83168 83270 83366 83455 83541 83627 83718 83817 ]

27	SIL
[start = 84128]
[end = 85120]

28	tui4
[start = 85120]
[end = 88636]
[peaknum = 22]
[86606 86669 86733 86798 86864 86931 86999 87069 87141 87214 87288 87364 87443 87524 87609 87697 87789 87885 87985 88093 88209 88335 ]

29	shui4
[start = 88636]
[end = 93595]
[peaknum = 23]
[90455 90539 90622 90705 90783 90857 90931 91006 91084 91163 91243 91326 91410 91496 91584 91675 91769 91866 91968 92078 92199 92319 92470 ]

30	SIL
[start = 93595]
[end = 97161]

