[SampleRate = 16000]
[ElementNum = 27]
1	SIL
[start = 0]
[end = 3456]

2	yue1
[start = 3456]
[end = 6575]
[peaknum = 59]
[3569 3621 3674 3727 3780 3834 3887 3941 3994 4047 4100 4153 4205 4257 4309 4361 4413 4465 4517 4568 4620 4672 4723 4775 4827 4878 4930 4981 5033 5084 5136 5187 5238 5289 5340 5391 5442 5492 5542 5593 5643 5693 5743 5792 5842 5892 5941 5991 6040 6090 6139 6189 6238 6288 6338 6389 6441 6493 6545 ]

3	han4
[start = 6575]
[end = 13008]
[peaknum = 65]
[8385 8435 8485 8534 8583 8632 8682 8733 8785 8837 8891 8945 9000 9055 9112 9168 9226 9284 9342 9402 9462 9523 9586 9649 9714 9780 9847 9915 9985 10056 10128 10202 10277 10354 10432 10511 10591 10672 10755 10839 10925 11011 11098 11186 11274 11362 11449 11537 11625 11713 11804 11893 11978 12064 12149 12234 12318 12401 12483 12563 12642 12719 12796 12876 12960 ]

4	SIL
[start = 13008]
[end = 13648]

5	bu4
[start = 13648]
[end = 15543]
[peaknum = 31]
[13968 14015 14061 14108 14156 14205 14253 14302 14350 14399 14448 14497 14546 14596 14645 14695 14745 14796 14847 14899 14952 15005 15060 15115 15171 15228 15286 15345 15406 15468 15531 ]

6	shi2
[start = 15543]
[end = 19216]
[peaknum = 9]
[17969 18065 18162 18262 18364 18470 18581 18696 18835 ]

7	SIL
[start = 19216]
[end = 19650]

8	zi2
[start = 19650]
[end = 22822]
[peaknum = 21]
[21059 21149 21244 21340 21435 21530 21624 21717 21809 21900 21990 22079 22166 22250 22332 22411 22489 22565 22640 22716 22788 ]

9	nv2
[start = 22822]
[end = 28752]
[peaknum = 69]
[22858 22928 22997 23065 23132 23199 23266 23332 23399 23465 23531 23598 23664 23731 23799 23867 23936 24005 24075 24146 24218 24291 24365 24441 24517 24595 24674 24755 24837 24921 25007 25094 25183 25274 25367 25463 25560 25658 25758 25860 25964 26071 26179 26287 26396 26504 26613 26721 26829 26937 27045 27152 27257 27362 27466 27568 27669 27769 27866 27960 28051 28140 28227 28312 28398 28483 28567 28651 28734 ]

10	SIL
[start = 28752]
[end = 29104]

11	chu3
[start = 29104]
[end = 33510]
[peaknum = 25]
[31138 31221 31302 31384 31468 31554 31641 31732 31826 31923 32024 32128 32232 32337 32444 32551 32658 32765 32870 32975 33078 33182 33287 33393 33501 ]

12	yu2
[start = 33510]
[end = 37197]
[peaknum = 36]
[33610 33719 33827 33937 34047 34158 34271 34384 34496 34607 34718 34828 34936 35042 35147 35252 35355 35458 35559 35660 35759 35857 35953 36048 36141 36233 36324 36414 36503 36591 36676 36757 36836 36916 36996 37076 ]

13	hun2
[start = 37197]
[end = 43692]
[peaknum = 52]
[39776 39863 39952 40042 40134 40227 40320 40414 40507 40601 40696 40792 40890 40991 41092 41193 41292 41389 41483 41574 41662 41748 41831 41912 41991 42068 42142 42215 42286 42356 42424 42490 42556 42620 42683 42745 42806 42867 42926 42984 43041 43098 43153 43208 43263 43318 43373 43429 43486 43543 43600 43657 ]

14	hun2
[start = 43692]
[end = 49136]
[peaknum = 44]
[45634 45719 45806 45894 45983 46073 46164 46255 46346 46438 46529 46620 46710 46800 46890 46980 47070 47160 47249 47339 47428 47518 47607 47695 47782 47869 47954 48038 48120 48201 48279 48356 48429 48501 48571 48639 48705 48770 48834 48897 48958 49018 49077 49135 ]

15	e4
[start = 49136]
[end = 53315]
[peaknum = 73]
[49193 49250 49307 49362 49417 49471 49525 49579 49632 49685 49736 49787 49838 49888 49938 49987 50037 50086 50134 50183 50232 50280 50329 50377 50426 50475 50524 50573 50622 50672 50722 50772 50823 50874 50926 50978 51031 51084 51138 51193 51248 51304 51361 51418 51476 51535 51595 51656 51718 51781 51846 51912 51979 52046 52115 52183 52251 52320 52387 52454 52521 52588 52655 52721 52787 52852 52917 52982 53046 53109 53172 53233 53294 ]

16	e4
[start = 53315]
[end = 58128]
[peaknum = 55]
[53354 53412 53471 53528 53586 53643 53699 53756 53812 53868 53925 53981 54037 54092 54147 54202 54256 54310 54364 54417 54469 54522 54574 54626 54677 54729 54781 54832 54884 54937 54989 55042 55096 55151 55206 55262 55319 55377 55436 55496 55557 55620 55684 55750 55817 55887 55958 56031 56106 56184 56264 56347 56434 56525 56621 ]

17	SIL
[start = 58128]
[end = 60528]

18	zhi3
[start = 60528]
[end = 63344]
[peaknum = 14]
[61490 61573 61657 61743 61830 61917 62006 62097 62191 62288 62390 62498 62612 62730 ]

19	SIL
[start = 63344]
[end = 64256]

20	zhi1
[start = 64256]
[end = 67184]
[peaknum = 32]
[65182 65251 65321 65391 65461 65530 65598 65665 65732 65798 65863 65929 65993 66057 66121 66184 66247 66310 66372 66434 66496 66557 66618 66680 66741 66802 66863 66924 66986 67048 67111 67175 ]

21	xiang3
[start = 67184]
[end = 71584]
[peaknum = 18]
[69501 69579 69658 69737 69817 69899 69986 70076 70171 70271 70373 70475 70579 70683 70789 70899 71015 71136 ]

22	le4
[start = 71584]
[end = 76250]
[peaknum = 66]
[71607 71719 71828 71934 72041 72154 72271 72389 72506 72617 72722 72821 72914 73003 73088 73170 73251 73326 73397 73463 73524 73583 73641 73699 73757 73813 73869 73925 73979 74034 74088 74141 74195 74248 74301 74354 74407 74459 74512 74564 74617 74669 74722 74775 74829 74883 74937 74991 75047 75102 75159 75216 75274 75333 75394 75456 75519 75583 75649 75717 75786 75859 75936 76016 76099 76184 ]

23	de5
[start = 76250]
[end = 77712]
[peaknum = 8]
[76747 76848 76952 77061 77173 77289 77404 77519 ]

24	SIL
[start = 77712]
[end = 78288]

25	zhuang4
[start = 78288]
[end = 82132]
[peaknum = 36]
[78758 78828 78899 78973 79048 79124 79201 79278 79356 79434 79514 79594 79676 79760 79847 79937 80031 80129 80234 80346 80464 80588 80718 80849 80979 81090 81201 81319 81436 81541 81639 81737 81832 81926 82018 82108 ]

26	tai4
[start = 82132]
[end = 86089]
[peaknum = 14]
[84098 84177 84262 84353 84445 84540 84638 84741 84851 84965 85085 85204 85321 85441 ]

27	SIL
[start = 86089]
[end = 89337]

